<tf.Variable 'dense_1291/kernel:0' shape=(1, 1) dtype=float32, numpy=array([[0.5628315]], dtype=float32)><tf.Variable 'dense_1291/bias:0' shape=(1,) dtype=float32, numpy=array([-0.21001785], dtype=float32)><tf.Variable 'dense_1281/kernel:0' shape=(1, 1) dtype=float32, numpy=array([[0.6854974]], dtype=float32)><tf.Variable 'dense_1281/bias:0' shape=(1,) dtype=float32, numpy=array([-0.07176975], dtype=float32)><tf.Variable 'dense_1292/kernel:0' shape=(1, 128) dtype=float32, numpy=
array([[ 2.4240425e+00,  1.6724871e+00,  2.1894152e+00,  1.8312986e+00,
         2.5478945e+00,  2.0750656e+00, -4.0174227e-02,  5.6922704e-01,
        -1.5311399e+00,  2.4791515e+00,  2.0401142e+00,  4.8821601e-01,
         1.0768461e+00,  1.1277003e+00,  6.8375909e-01,  3.7882473e-02,
         2.5659153e+00, -9.4156051e-01, -2.5230973e+00,  6.3379502e-01,
        -3.1464122e-02, -1.7733412e+00, -1.2918380e+00,  6.4766026e-01,
        -5.2970541e-01, -1.0543761e+00, -3.6080506e-01, -1.5374967e+00,
         1.6894706e+00, -2.6803346e+00, -1.1002866e+00,  1.2642583e+00,
         1.1445965e+00, -7.6078534e-01,  6.2185031e-01,  1.7068454e+00,
        -3.2471445e-01,  5.3548586e-01,  6.4210904e-01, -1.2266848e+00,
         7.6921326e-01,  8.4468693e-01, -2.0230184e+00,  3.9540303e-01,
         6.0836035e-01,  2.4198341e+00,  1.4774120e-01, -4.1265380e-02,
        -1.2514130e+00,  1.8853751e-01, -2.4124479e+00, -3.3836520e-01,
        -9.9453133e-01,  1.2744619e+00, -2.3701251e+00,  2.9399765e-01,
         9.7362542e-01,  1.7989379e+00,  1.2842953e-01,  9.5651162e-01,
         1.1531129e+00, -4.5475710e-02, -1.2498876e+00, -2.5086010e-01,
        -1.1351379e+00,  2.4256196e+00, -1.8564953e+00,  6.9134122e-01,
        -2.6404474e+00,  1.0527128e+00, -1.4285915e+00,  2.2079711e+00,
         5.8171600e-01,  9.4326824e-01, -3.1516314e-01, -4.0034913e-02,
         6.7985314e-01, -1.9507461e+00,  5.0046360e-01, -1.6188556e+00,
        -2.7162101e+00, -1.6923605e-01,  2.1514887e-01, -9.8387820e-01,
        -2.5133055e-01, -9.7567892e-01,  7.2380883e-01, -2.3808257e-01,
        -4.4906557e-01, -5.4925025e-01, -1.4336423e-03,  2.4319222e+00,
        -6.3111687e-01,  2.5346429e+00,  1.0618578e+00,  1.2976658e+00,
         2.4960768e+00, -2.4725411e+00, -2.1217547e-01, -7.6078731e-01,
         3.0698818e-01,  3.2576135e-01,  9.9399668e-01, -9.8627907e-01,
         9.6616817e-01, -1.3853191e+00, -2.0346069e+00, -1.7338741e+00,
         5.9912109e-01,  1.2464750e+00,  2.9358110e+00,  5.3372043e-01,
        -1.6598375e+00,  2.4856055e+00, -6.5298373e-01,  6.6181594e-01,
         1.0207680e+00, -7.1375918e-01,  3.4030326e-02, -3.3139419e-02,
         3.0076816e+00,  6.1371392e-01,  7.5383037e-01,  2.5248058e+00,
         2.3405972e+00, -1.2985065e+00,  1.2785522e+00, -5.6408119e-01]],
      dtype=float32)><tf.Variable 'dense_1292/bias:0' shape=(128,) dtype=float32, numpy=
array([-0.08958161, -0.14773388, -0.20923202, -0.13903868, -0.10516892,
       -0.0847164 , -0.07914925, -0.07463436,  0.02127908, -0.13699405,
       -0.05877042, -0.12416239, -0.01661923, -0.19991407, -0.06464065,
        0.08040833, -0.13307138,  0.00670945,  0.03396706, -0.06689013,
        0.05100121,  0.0070971 , -0.10093287, -0.17305139,  0.00146325,
       -0.05896071, -0.04274737, -0.034394  , -0.02665896,  0.01625858,
        0.02447575, -0.14918701,  0.13792787, -0.01486739, -0.18216822,
       -0.02984646, -0.05969257,  0.03554771, -0.18398546, -0.11008608,
       -0.08402567,  0.05607179,  0.00230971,  0.03369134, -0.15523924,
       -0.13343757, -0.15612736, -0.02051701, -0.00901215,  0.04730492,
        0.04379439, -0.04959062, -0.1706265 , -0.1550176 ,  0.0280495 ,
       -0.07240602,  0.10208002, -0.10161386, -0.08455326,  0.0314857 ,
       -0.15980136, -0.07407533, -0.00800935, -0.14837943, -0.1829381 ,
       -0.13084504, -0.05834252, -0.06792951,  0.03180725, -0.11597349,
        0.02303551,  0.16383278, -0.04080251, -0.03336953, -0.12245039,
       -0.10034358, -0.18069646, -0.00184067, -0.0758379 , -0.0260786 ,
        0.01608514, -0.1262605 , -0.03915071, -0.05685254, -0.04070552,
        0.03514935,  0.06575458, -0.09201362, -0.14617787, -0.05936346,
       -0.00716128, -0.06042068, -0.07917704, -0.1260149 , -0.13504139,
       -0.02787179, -0.09548461,  0.03416139, -0.05814994, -0.0272162 ,
       -0.01939589, -0.10035696, -0.00294969,  0.02687736,  0.06060832,
       -0.1330787 ,  0.01155155, -0.14219442, -0.09947173, -0.01713771,
       -0.14172077,  0.00387745, -0.04701304, -0.01499415,  0.0236897 ,
        0.05881686, -0.12500562,  0.01394991,  0.14502387, -0.0798644 ,
       -0.14967644,  0.02950215, -0.09423585, -0.1784788 , -0.08690127,
        0.02970141, -0.19899905, -0.0016147 ], dtype=float32)><tf.Variable 'dense_1282/kernel:0' shape=(1, 64) dtype=float32, numpy=
array([[ 0.04748276,  1.7806575 , -0.23816124, -0.7102978 , -0.15024117,
        -0.4624738 ,  0.787151  , -0.3847597 ,  2.617196  , -1.1460918 ,
        -0.57689464, -1.0684565 ,  1.1892862 ,  0.95915776,  0.87216455,
        -0.78677934,  1.529847  , -0.4802866 , -0.7556046 , -2.5331411 ,
         0.409725  , -2.609162  , -0.76017857,  0.23733982,  1.9859902 ,
         0.84369123, -0.55034107,  0.6533266 , -2.4507678 , -0.00886744,
         0.34847602,  2.4363286 , -2.3042457 , -0.18926862,  0.36247343,
         1.2124641 , -1.3279258 ,  0.18176425, -1.1536316 ,  2.108742  ,
         0.8154106 , -0.29402694,  0.17794944,  1.5651184 , -2.8125746 ,
         1.5797386 ,  0.70127654, -0.7586726 , -0.7164957 , -1.0929066 ,
        -0.47613502,  1.741917  ,  0.5385863 , -0.5604365 ,  0.65363765,
        -0.8160517 , -0.22208986,  2.7970212 ,  1.5846667 ,  2.5559118 ,
        -0.86427873, -1.3378845 , -0.0137462 ,  0.34326097]],
      dtype=float32)><tf.Variable 'dense_1282/bias:0' shape=(64,) dtype=float32, numpy=
array([-0.04587532, -0.12247635, -0.14685637,  0.15841419, -0.15480636,
        0.20687844, -0.0739127 ,  0.11088146,  0.08141836,  0.085959  ,
        0.06811043,  0.0989797 ,  0.07812423,  0.04220958, -0.20069696,
        0.12177665,  0.03320685,  0.02682537,  0.08072533,  0.11281304,
       -0.12386652,  0.12306403,  0.12467986, -0.09981377,  0.09018085,
       -0.09379705, -0.1028849 , -0.17140788,  0.11170599, -0.18679538,
       -0.07398542, -0.04961462,  0.1430445 , -0.1460224 , -0.06218214,
       -0.00980739,  0.16622421, -0.11560623, -0.04413443, -0.02549641,
       -0.05536311, -0.11253551, -0.08667574, -0.00507847,  0.15754768,
        0.09543452,  0.10032424,  0.15995298,  0.16506281,  0.13574289,
       -0.06129611, -0.00710213,  0.03014033,  0.16907041, -0.0502316 ,
        0.09958597,  0.12395363,  0.0639995 , -0.16174896,  0.06210263,
        0.07690304,  0.07989556, -0.20951065, -0.10894292], dtype=float32)><tf.Variable 'dense_1293/kernel:0' shape=(128, 256) dtype=float32, numpy=
array([[-0.04745529,  0.14758414, -0.1467262 , ...,  0.15098378,
        -0.01869109,  0.01188443],
       [ 0.15429337,  0.2194129 ,  0.15863173, ...,  0.15644355,
         0.15238766, -0.02618613],
       [-0.0562315 ,  0.08545913, -0.02519825, ...,  0.03065035,
        -0.09095269, -0.15837479],
       ...,
       [-0.12744424,  0.07567303,  0.22647294, ...,  0.11894962,
        -0.03100116,  0.21001236],
       [-0.02603548,  0.03327907, -0.26285428, ..., -0.16162808,
        -0.04002804, -0.00542539],
       [ 0.02041989,  0.13008888, -0.03736907, ..., -0.10452226,
         0.1457288 , -0.10829215]], dtype=float32)><tf.Variable 'dense_1293/bias:0' shape=(256,) dtype=float32, numpy=
array([-0.18325776, -0.05620048,  0.03905531, -0.15682074, -0.07431966,
        0.00596799, -0.07499348, -0.00637566, -0.08760507, -0.09739554,
       -0.09580536,  0.03040083,  0.02434687, -0.19684833, -0.15280798,
       -0.11467527, -0.10952332, -0.01116246, -0.08462552, -0.10880844,
       -0.12421969, -0.00146497,  0.09832934, -0.06142814, -0.02684342,
        0.03092969,  0.00465628, -0.10027713, -0.07985802,  0.0403509 ,
       -0.05314448, -0.01976351,  0.02463217, -0.07410806, -0.04298707,
       -0.13346052, -0.06279965, -0.02052302, -0.15949728,  0.01803484,
        0.01756312,  0.01619437,  0.02504949, -0.16241153, -0.04709961,
       -0.18354   , -0.03735848, -0.11363829, -0.12328956, -0.11735176,
       -0.15107624,  0.01847755,  0.03639326,  0.02055157, -0.01456627,
       -0.12659666, -0.12824821,  0.02530018, -0.02443577,  0.02776767,
        0.01709666, -0.11476732, -0.12460117, -0.1013667 , -0.06257662,
       -0.00532593,  0.02574965, -0.17057107,  0.01032519, -0.05898499,
       -0.02524195,  0.03594901, -0.11290388, -0.07962067, -0.0504706 ,
        0.02562707, -0.0034801 , -0.06890039, -0.15590572,  0.02515404,
       -0.00164188, -0.05785677, -0.05030974, -0.15248008,  0.00208785,
       -0.01505379, -0.11890882, -0.09975518, -0.10447018, -0.13883834,
       -0.06608482, -0.07148176,  0.01937602, -0.05657958, -0.06669592,
       -0.0826709 ,  0.01246554,  0.02741398, -0.11593428, -0.1693742 ,
       -0.13061424, -0.08630719,  0.03949909, -0.12671182,  0.02190124,
       -0.0831248 ,  0.02825659,  0.0218341 , -0.01913562, -0.03334291,
       -0.0544761 , -0.14941297, -0.13542114, -0.09849013, -0.14625692,
       -0.09867478, -0.05006938, -0.13353635, -0.03988732, -0.13587114,
        0.03046106, -0.02620127, -0.05383103, -0.07557291,  0.02724956,
       -0.02483395,  0.0230834 ,  0.01739951,  0.00137111, -0.03284292,
       -0.02935486, -0.12696612, -0.04504446,  0.00291836, -0.07734885,
       -0.03053548, -0.04850816,  0.01076103, -0.06963761, -0.01545408,
        0.02689612,  0.00614136, -0.05493765,  0.03485303, -0.13213252,
       -0.09163412, -0.15282741,  0.03847421, -0.15860102,  0.00223745,
       -0.01582707, -0.11089657, -0.12270623, -0.19701634, -0.17618541,
        0.09107193, -0.13392772, -0.00898452,  0.06475987, -0.09742023,
       -0.06653839, -0.02958801,  0.0295725 , -0.0188423 , -0.05306183,
       -0.01175304, -0.06968591, -0.02621828, -0.15749721, -0.07427311,
        0.0473794 , -0.11403837, -0.09896006, -0.1205815 ,  0.07361777,
       -0.0552321 , -0.06405643, -0.03393725,  0.00821738, -0.01166903,
       -0.11302909, -0.01481856, -0.05037357,  0.00219776, -0.01389758,
       -0.05741658, -0.13634774, -0.17294553, -0.01574953,  0.04131748,
       -0.19018282,  0.03670797, -0.00184078,  0.00905776, -0.11746797,
        0.01923703, -0.11904792, -0.00458766, -0.04067107, -0.00117745,
       -0.01522502,  0.01282162, -0.16522464, -0.11194438, -0.1311512 ,
       -0.063016  , -0.01384208, -0.01979425,  0.03236613,  0.04657579,
       -0.02278006, -0.16329183, -0.14329803, -0.02416396, -0.06259971,
       -0.02699469, -0.02624413, -0.04732233, -0.12774356,  0.00077367,
        0.01767711,  0.01439722, -0.00336685, -0.02523894, -0.01628932,
       -0.19599943, -0.15551229,  0.01762803, -0.06938424, -0.15568428,
        0.05245639,  0.03445369, -0.08589195,  0.01545746, -0.1812892 ,
        0.03693183, -0.15114178, -0.00443913, -0.17764255, -0.14429532,
       -0.10195301,  0.0496335 , -0.06911447, -0.14961314, -0.1283092 ,
       -0.14021476,  0.00773875, -0.17370129, -0.13797632, -0.11493659,
       -0.04283081, -0.12268855, -0.13609804, -0.09009165, -0.06353951,
       -0.04140187], dtype=float32)><tf.Variable 'dense_1283/kernel:0' shape=(64, 128) dtype=float32, numpy=
array([[ 0.20492207, -0.2039377 ,  0.14890622, ...,  0.18209161,
         0.29354054, -0.15458092],
       [-0.09089286, -0.13477759, -0.20347781, ...,  0.37377825,
        -0.12779813, -0.31286085],
       [-0.35292968, -0.1239177 , -0.05623072, ..., -0.02675187,
        -0.2278841 , -0.10399409],
       ...,
       [ 0.24185598, -0.44543314, -0.0966916 , ...,  0.23853004,
         0.11537092,  0.09255537],
       [ 0.18757093, -0.18347278,  0.20997038, ...,  0.09861347,
         0.31483716, -0.21288867],
       [-0.39665052,  0.07165667, -0.23895295, ...,  0.11447668,
        -0.38048777, -0.0451054 ]], dtype=float32)><tf.Variable 'dense_1283/bias:0' shape=(128,) dtype=float32, numpy=
array([ 0.07885989,  0.06667297, -0.05090363,  0.04977296, -0.06856114,
        0.02973547, -0.02684947,  0.1967283 , -0.01281566, -0.04203376,
        0.0936159 , -0.35386944,  0.10209852,  0.00159464,  0.1164708 ,
        0.20691408,  0.05341205,  0.0355093 ,  0.06248689,  0.04150292,
        0.0691689 ,  0.05152364, -0.1094925 ,  0.00082781, -0.04127144,
        0.11421715,  0.1306429 ,  0.08714695,  0.08336635, -0.35212362,
       -0.0466149 , -0.06925217, -0.08623749,  0.03593759,  0.04753881,
       -0.32685575,  0.11866733,  0.05105553,  0.10238159, -0.02735232,
        0.11152199,  0.1355908 ,  0.22475976, -0.04725048,  0.03262738,
       -0.29928288,  0.09453104, -0.33305544,  0.10738904, -0.03443089,
        0.0821739 ,  0.08956823,  0.10254276, -0.08886445,  0.17653173,
       -0.31365117, -0.07212445, -0.28487   ,  0.12381795, -0.11495836,
        0.07083135, -0.11703209,  0.05737374, -0.1254587 ,  0.11864538,
       -0.05601939,  0.07506339,  0.10376102, -0.05841605,  0.09305342,
        0.08934771,  0.06705701,  0.06588646,  0.0427388 ,  0.07399897,
        0.2834874 , -0.00313774, -0.25174418,  0.095202  ,  0.06664795,
       -0.15169244, -0.02356573,  0.3119635 ,  0.08069635, -0.055158  ,
        0.04895724,  0.07323693, -0.02082045, -0.01162127,  0.06018111,
       -0.05001234, -0.34742546, -0.15347834, -0.02049496,  0.08209582,
       -0.23482063,  0.09667832,  0.0725263 , -0.05317343,  0.08399333,
        0.04973749,  0.06759179,  0.01212925,  0.0993015 ,  0.08945832,
        0.11299324,  0.08573601, -0.11819037,  0.08402368, -0.3637156 ,
        0.08759771,  0.10087828,  0.10002875,  0.06461364,  0.08100798,
        0.14314862, -0.20716096, -0.1812769 ,  0.12630676,  0.01926724,
        0.05978693, -0.0045419 ,  0.04902924,  0.10241481,  0.01428589,
       -0.1371344 , -0.04317963,  0.14348276], dtype=float32)><tf.Variable 'dense_1294/kernel:0' shape=(256, 512) dtype=float32, numpy=
array([[ 0.2059806 , -0.1164553 ,  0.0712743 , ...,  0.08581392,
        -0.09993534,  0.08502227],
       [-0.06525002,  0.09317669, -0.09976488, ..., -0.0908433 ,
        -0.04345049,  0.00325655],
       [ 0.05097883, -0.06043458,  0.02367035, ..., -0.05316135,
        -0.04794472,  0.02277167],
       ...,
       [-0.11867245, -0.00211939, -0.0828952 , ...,  0.10708769,
         0.12059022,  0.00896531],
       [-0.02349591, -0.17676915,  0.11083201, ..., -0.0802663 ,
         0.03511823, -0.11994832],
       [-0.04046814, -0.00664302, -0.00731456, ..., -0.05971218,
         0.00909503, -0.00456862]], dtype=float32)><tf.Variable 'dense_1294/bias:0' shape=(512,) dtype=float32, numpy=
array([-0.07717059, -0.15611337,  0.07925659, -0.1786276 ,  0.00415007,
        0.01296493, -0.02957052, -0.0065563 , -0.17725295, -0.08432443,
       -0.1624112 ,  0.01873696, -0.14277345, -0.17857984, -0.01391235,
        0.03688834,  0.06315657,  0.00715616, -0.00430693, -0.03434184,
       -0.09837811, -0.10748171, -0.13946286, -0.01568718, -0.05436221,
       -0.04763258,  0.04591792, -0.028202  , -0.03669944, -0.04331725,
       -0.04296148, -0.07680837, -0.1325587 ,  0.00912816, -0.1272246 ,
       -0.11792205, -0.03301132,  0.03402917, -0.06172144, -0.01927683,
       -0.18499774, -0.08246652, -0.07873628, -0.18394542, -0.17050381,
       -0.04084849,  0.00162873,  0.05149086, -0.07532999, -0.14791502,
       -0.11055544,  0.00298948, -0.06211706, -0.0477473 , -0.03089124,
       -0.129072  ,  0.05155221, -0.05023914,  0.0038516 , -0.10813026,
       -0.06450524, -0.12409993,  0.00057862, -0.01493166, -0.09970625,
       -0.02429093,  0.01572646, -0.11951548, -0.08660936, -0.11661571,
       -0.00686143, -0.10735875, -0.01044672,  0.01184638,  0.02697322,
       -0.07621313, -0.0025576 , -0.11604618, -0.00590823, -0.0968542 ,
       -0.1742564 , -0.16062741,  0.00901865, -0.09873194, -0.13325576,
       -0.08075548, -0.11167458, -0.10315952, -0.11371956, -0.11068545,
       -0.08509925, -0.04491842,  0.0008044 ,  0.02840081, -0.05528834,
       -0.09527499, -0.14650467, -0.1281484 , -0.02435238, -0.08348999,
       -0.17151155, -0.04166437, -0.10211179, -0.1285995 ,  0.00986899,
       -0.00385328, -0.14693633, -0.12628198, -0.13523158, -0.00073914,
        0.01208002, -0.06267148, -0.08123051, -0.13316087,  0.00065241,
       -0.06200746, -0.11649083,  0.01275748, -0.19035734, -0.05583549,
        0.02459892, -0.1362955 ,  0.01966725, -0.07407247, -0.08087838,
        0.00347689, -0.15294974, -0.00574439, -0.0606464 ,  0.00618889,
       -0.10105937, -0.03733003, -0.14363922, -0.00865312, -0.02847434,
       -0.10358527, -0.07581796, -0.12265286, -0.0071659 , -0.03729371,
       -0.02083099, -0.12052502, -0.14982958,  0.03056557, -0.04422882,
        0.03173321, -0.14042935, -0.0827743 , -0.10326694, -0.03824944,
       -0.09255976, -0.12166187,  0.00676289, -0.16995183, -0.18154356,
       -0.15360478, -0.01375868, -0.14277577,  0.00814317, -0.15767097,
       -0.16988786, -0.03295253, -0.00778461, -0.06512156,  0.039062  ,
       -0.02943055,  0.05358415, -0.01600839, -0.00706083,  0.03054779,
        0.00517239,  0.04809527,  0.00739974, -0.12517492, -0.15133914,
       -0.06819645, -0.09692934, -0.12218186, -0.0933227 , -0.04417366,
       -0.16543537, -0.18724783,  0.00462496, -0.15862356, -0.03947755,
       -0.14395179, -0.00239155, -0.07827733,  0.00941547, -0.08672038,
        0.00937608,  0.00864445, -0.12661974,  0.03076401, -0.08042462,
       -0.13177945,  0.03009651, -0.00363052, -0.02077951, -0.03739994,
       -0.01632035,  0.06256542, -0.01059836,  0.07096801, -0.19071288,
        0.01835512, -0.00333327, -0.03840897, -0.13347724, -0.05111437,
       -0.083604  , -0.14322603, -0.06604445, -0.20711169, -0.02946664,
       -0.04920368,  0.00401825, -0.05969619, -0.02114037, -0.00132694,
        0.01921501, -0.03345609,  0.00530906, -0.10410829, -0.0401135 ,
       -0.00394791, -0.0191656 , -0.01829394, -0.01009511, -0.06474893,
       -0.04700836, -0.09004067, -0.08819528, -0.01941684, -0.07389182,
       -0.0961301 , -0.1234953 , -0.18305132, -0.01082937,  0.01244818,
       -0.01125129, -0.02280861, -0.09325651, -0.10054871, -0.031208  ,
        0.02017455,  0.04611102, -0.00963766, -0.06440434,  0.03828659,
       -0.10438587, -0.08275631, -0.04008134, -0.0641398 , -0.05113495,
       -0.15790913, -0.04232617,  0.04074062, -0.05652614, -0.12073836,
       -0.02809157, -0.1760217 , -0.09403845, -0.11346534, -0.15026684,
        0.0207778 , -0.00710185, -0.02257558, -0.02461503, -0.08376936,
       -0.0926704 , -0.00909712, -0.05505439,  0.05480247, -0.15027827,
        0.00120778, -0.00570833, -0.03683213, -0.03737256,  0.01407149,
        0.01227524, -0.06924231, -0.01620335, -0.01398244, -0.00133808,
       -0.00736541, -0.02155194, -0.07374666, -0.00541851, -0.11155988,
        0.01666659, -0.17199461, -0.12378758, -0.09800714, -0.14977811,
       -0.01724537,  0.00135509, -0.02409201, -0.00499633, -0.13348699,
       -0.12661779, -0.07763572, -0.01456349, -0.02709481, -0.0189813 ,
        0.00560655, -0.02085078,  0.00256859,  0.04897638, -0.0312954 ,
       -0.1409614 , -0.04763995, -0.07696833, -0.13438097, -0.10634078,
       -0.12872241, -0.00707734, -0.09745937, -0.09745228,  0.00292441,
       -0.17153165, -0.00989393, -0.10838474,  0.01064894, -0.0837104 ,
        0.02033656,  0.00193233,  0.01787673,  0.0277053 ,  0.05588134,
       -0.00774117, -0.11406235, -0.02616286,  0.00407326, -0.17261505,
       -0.036596  , -0.14447655, -0.12417112, -0.12853478, -0.11597784,
       -0.03872118,  0.09482194, -0.01510718,  0.00307256, -0.00834548,
        0.00960966, -0.08984002, -0.09761164,  0.01740643,  0.0625163 ,
        0.05074786, -0.10352197, -0.17988111, -0.01944535, -0.0318268 ,
       -0.0003139 , -0.0181702 , -0.0035864 ,  0.04031155,  0.03421929,
        0.01679803, -0.00145433, -0.08198878, -0.00958935, -0.04983376,
       -0.18884386, -0.04491317,  0.03565137, -0.13036574, -0.11112121,
        0.05457378, -0.03602211,  0.03305736, -0.01889387, -0.11791704,
       -0.05015732, -0.04507849, -0.12310167, -0.00552999, -0.0029706 ,
       -0.03692392,  0.01627676, -0.00540872, -0.17606746, -0.07773083,
       -0.13082542, -0.05490714, -0.01249239, -0.0169048 , -0.1170914 ,
       -0.1623343 ,  0.01888781,  0.05677777, -0.01836741,  0.01396707,
       -0.08782003,  0.02840915, -0.14425802, -0.08376956, -0.04321714,
       -0.17092787, -0.1174686 , -0.05892187, -0.01341803, -0.03343059,
       -0.05877115, -0.05586581, -0.11431167, -0.01554769,  0.01030634,
       -0.05188512, -0.19718404, -0.07433531, -0.14571854, -0.069773  ,
       -0.15424056,  0.01886867, -0.10873071, -0.06610291, -0.07775367,
       -0.03223576, -0.01080939, -0.0319545 , -0.04687156,  0.02634828,
       -0.07120806, -0.05304886, -0.02621806, -0.03908873, -0.03955271,
       -0.02502714, -0.03510817, -0.0822769 ,  0.00886943,  0.04305396,
       -0.03378072,  0.03644411, -0.0412077 ,  0.01503586, -0.0987508 ,
        0.02122147, -0.03556587, -0.02453751,  0.02006043,  0.02367437,
        0.01437831, -0.05032317, -0.07681012, -0.1026389 , -0.12388519,
        0.02245599,  0.00773834, -0.04847577,  0.03773873, -0.03244856,
       -0.0790651 , -0.01529726, -0.10627398, -0.02039121, -0.0818121 ,
        0.02487585,  0.03658595, -0.12564571, -0.09729961, -0.16735671,
       -0.01494722, -0.00718018, -0.02400123, -0.09110247, -0.09067543,
       -0.14061442, -0.1599576 , -0.08428001,  0.05066876, -0.00928914,
       -0.06127683, -0.12903619, -0.02236122, -0.12619404, -0.07634649,
       -0.0050547 , -0.01150865, -0.16215442,  0.00265801, -0.16069134,
        0.04806848, -0.1626806 , -0.13323654, -0.02479099, -0.1380866 ,
       -0.04034483,  0.11324072, -0.04619151, -0.10214926, -0.08397962,
       -0.13491601, -0.00604007,  0.00865297, -0.12483457, -0.14934376,
       -0.14025833,  0.028408  , -0.09346519,  0.05401031, -0.01641449,
       -0.07603859, -0.01347889, -0.0702255 , -0.05065009, -0.13687773,
       -0.00587916,  0.01841502], dtype=float32)><tf.Variable 'dense_1284/kernel:0' shape=(128, 256) dtype=float32, numpy=
array([[-0.01890427,  0.0575023 ,  0.13012251, ...,  0.05017054,
         0.13197759, -0.0232597 ],
       [-0.16554032,  0.01514671,  0.20184577, ...,  0.0747572 ,
        -0.01103139,  0.07404068],
       [-0.0121016 ,  0.01003997, -0.22008605, ...,  0.0123179 ,
         0.17470631,  0.16990997],
       ...,
       [ 0.04484875, -0.26646376,  0.05758252, ..., -0.21650657,
        -0.2607042 ,  0.0096989 ],
       [-0.08866464, -0.23935524,  0.0258906 , ..., -0.28538573,
        -0.03499793, -0.13120621],
       [-0.19374333,  0.05077021,  0.05444175, ...,  0.19755925,
         0.03665531, -0.06491032]], dtype=float32)><tf.Variable 'dense_1284/bias:0' shape=(256,) dtype=float32, numpy=
array([ 9.67223570e-03,  2.29386203e-02, -2.70847946e-01, -2.75529400e-02,
       -3.04502919e-02, -2.40941837e-01,  3.39634493e-02,  5.38982935e-02,
        3.07487510e-02,  3.81417051e-02,  4.25216705e-02, -1.37250096e-01,
        9.69885197e-03,  2.82346997e-02, -1.95095643e-01, -1.86404362e-01,
        1.13275938e-01,  9.44977775e-02, -2.57865608e-01,  1.98764969e-02,
       -1.59635134e-02,  7.90402219e-02,  1.47777870e-02,  5.82004078e-02,
        7.48990253e-02, -2.07844302e-02,  5.81166781e-02, -6.79216627e-03,
       -2.22426355e-01,  1.12960435e-01, -1.85771480e-01, -2.18392149e-01,
        1.17037386e-01,  5.28265014e-02, -1.66114252e-02, -3.81678671e-01,
       -2.21565843e-01,  4.75470386e-02,  7.07228035e-02, -1.25811966e-02,
        5.75689636e-02,  9.26533043e-02,  1.13563798e-01, -2.92434514e-01,
       -1.64478680e-03, -2.50934154e-01,  1.53296217e-01, -2.06338242e-01,
       -1.89006001e-01,  4.16184850e-02,  6.39487877e-02, -2.97518462e-01,
        3.89175303e-02, -6.15872145e-02,  2.91068282e-05, -1.20873377e-01,
        8.30556005e-02,  5.58545552e-02, -3.42699230e-01, -7.08414754e-03,
        1.34915739e-01,  9.00746211e-02,  9.33855325e-02,  4.14865129e-02,
       -2.50561744e-01, -1.85109600e-01, -1.84663713e-01, -3.05077344e-01,
        2.39472110e-02, -2.55561452e-02, -1.07404247e-01,  9.99372005e-02,
        8.64319783e-03, -2.64116585e-01,  6.78067133e-02, -8.92303698e-03,
       -1.01558015e-01, -8.63860995e-02,  2.20231023e-02, -1.55865923e-02,
        5.19896150e-02,  5.33065721e-02,  5.18479422e-02, -1.18495272e-02,
        2.88959797e-02,  1.22291155e-01, -4.13795438e-04,  6.60517216e-02,
        9.29110567e-04, -1.34612188e-01, -2.21138105e-01,  4.36309464e-02,
        5.82174510e-02, -3.17459144e-02, -3.70331444e-02, -1.97575957e-01,
        7.05603585e-02, -8.22629258e-02,  9.81943086e-02,  1.06522523e-01,
        1.53518310e-02,  8.71037990e-02, -6.15379959e-02, -1.98614299e-01,
        9.27982107e-02, -1.78642899e-01, -3.02400626e-02,  1.37805298e-01,
        1.58682063e-01,  2.97618601e-02, -1.25944698e-02,  9.85509679e-02,
       -2.89389968e-01, -8.22145212e-03,  9.22952965e-02, -2.15180174e-01,
       -1.82323813e-01, -2.10757792e-01, -1.69033900e-01, -8.48013014e-02,
        6.95353933e-03,  5.45500554e-02, -1.99547544e-01,  6.19484074e-02,
        3.33724879e-02, -1.30802333e-01, -3.63055058e-02, -4.10437733e-02,
        8.75250176e-02,  1.06716976e-01, -1.76711045e-02,  5.62364236e-02,
        2.22462341e-02,  9.58372504e-02,  4.44679372e-02, -2.49499723e-01,
       -9.76376534e-02,  1.52178571e-01, -4.48302291e-02, -1.04373761e-01,
        1.22224830e-01, -2.85217706e-02, -1.58460096e-01, -7.51466453e-02,
        3.65109704e-02,  1.20948575e-01, -3.85160223e-02,  8.54660645e-02,
       -6.74974397e-02, -7.16034742e-03,  2.49424409e-02,  6.04641177e-02,
        8.71725976e-02, -1.70449883e-01,  1.83227554e-01,  2.91673150e-02,
        8.55503231e-02,  2.22575869e-02, -2.04882577e-01,  4.96449918e-02,
        4.72476110e-02, -1.31946849e-02, -1.88093330e-03, -1.43126711e-01,
        2.38558669e-02,  4.14209552e-02, -1.96888655e-01, -4.97878790e-02,
       -1.34367257e-01,  1.53189199e-02, -1.45912543e-02,  2.12249439e-02,
        1.04139946e-01,  8.81704763e-02,  3.89510207e-02, -3.01079959e-01,
       -2.52209693e-01, -2.44187564e-01, -4.44579385e-02, -4.67142239e-02,
        4.06371318e-02,  3.41710001e-02, -3.01394999e-01,  7.51412138e-02,
        7.72822723e-02,  1.13279514e-01,  5.64028211e-02,  1.19945547e-02,
       -1.62707612e-01, -2.98408926e-01, -4.26440127e-02,  5.77598400e-02,
        7.62005225e-02, -1.69772223e-01,  1.09049222e-02,  1.01490684e-01,
       -5.74721768e-02,  5.75398616e-02,  4.86709327e-02,  8.42388067e-03,
       -3.54744583e-01,  6.92413822e-02, -5.47570921e-02, -2.93421764e-02,
       -6.69409633e-02, -3.20561118e-02,  8.24033748e-03, -1.87711880e-01,
        4.11819518e-02, -2.17531964e-01, -1.88300341e-01,  1.13851540e-01,
        5.57214655e-02, -2.28080317e-01, -7.89114162e-02,  1.19053386e-01,
        9.55209136e-02,  5.40557737e-03, -1.49193835e-02, -1.14146220e-02,
        1.19784614e-02,  8.76929313e-02, -4.16846313e-02, -2.70353884e-01,
        3.67767103e-02,  8.10042471e-02,  2.15165950e-02, -2.54582584e-01,
        7.73243373e-03,  2.02117935e-01,  4.52532545e-02,  7.24133775e-02,
        5.69652133e-02, -1.23361386e-02,  1.47546800e-02,  4.13463414e-02,
       -7.48928450e-03,  5.77876903e-02, -1.65152922e-02,  1.27352163e-01,
        3.08327265e-02, -1.25757204e-02, -2.67876357e-01,  4.23031896e-02,
       -2.33738363e-01, -2.21031278e-01,  3.37726884e-02,  1.23817220e-01,
       -2.56554425e-01,  4.85493876e-02, -6.29975051e-02,  6.77834228e-02,
        1.04678996e-01,  6.19678982e-02, -2.19542366e-02,  4.25212085e-02],
      dtype=float32)><tf.Variable 'dense_1295/kernel:0' shape=(512, 512) dtype=float32, numpy=
array([[ 0.04822628,  0.121263  , -0.10863382, ..., -0.05150473,
         0.09900608, -0.056494  ],
       [ 0.00362184, -0.07218443,  0.07648426, ...,  0.10134426,
        -0.12689374, -0.00151472],
       [-0.0748421 ,  0.00977279, -0.02957706, ...,  0.0800573 ,
        -0.01160867, -0.0798518 ],
       ...,
       [ 0.10500193,  0.12340926, -0.0293946 , ...,  0.01744478,
         0.02184541,  0.03671789],
       [-0.05773107,  0.01629208, -0.00802182, ...,  0.05281483,
         0.01656124,  0.06203341],
       [ 0.05926703, -0.12853728,  0.10474575, ..., -0.01430987,
         0.05565964,  0.07144096]], dtype=float32)><tf.Variable 'dense_1295/bias:0' shape=(512,) dtype=float32, numpy=
array([-3.83380875e-02, -7.88606405e-02, -7.17524346e-03,  5.56838587e-02,
       -9.58489068e-03, -1.22519396e-01, -8.40208400e-03, -4.67191488e-02,
       -3.00435796e-02, -2.70034987e-02, -2.01155450e-02,  4.98039238e-02,
       -1.24519542e-01, -1.24639720e-01,  5.95212169e-02, -9.40262526e-03,
       -2.91150473e-02, -3.75166535e-02, -1.66466143e-02, -2.47112066e-02,
        4.58537154e-02, -5.49480319e-02, -5.74290380e-02, -7.85733536e-02,
       -1.76867731e-02, -6.25391603e-02, -3.70706283e-02, -1.52949989e-01,
       -1.69474501e-02,  1.30779341e-01, -6.01197071e-02, -6.31008819e-02,
       -2.46192012e-02,  2.28575058e-02, -8.95058215e-02, -1.89057160e-02,
       -1.65860113e-02, -1.62972912e-01,  1.62635576e-02, -7.58503471e-03,
       -5.67082725e-02,  3.02251987e-02, -5.35206385e-02, -3.56833041e-02,
       -1.57073319e-01,  4.17880267e-02, -3.81295905e-02, -5.76903634e-02,
       -2.11368445e-02, -8.07434618e-02, -1.09161232e-02,  4.43523168e-04,
        7.47134769e-03, -2.02852115e-02,  2.40234062e-02, -1.32200673e-01,
       -8.42656102e-03, -1.04274765e-01, -2.58971774e-03,  4.93292138e-02,
       -1.16460934e-01, -1.30029216e-01, -1.60372317e-01, -8.05867836e-03,
       -8.95474702e-02, -4.66776825e-02, -1.21778725e-02,  5.00965156e-02,
        9.92659852e-03, -8.03346485e-02, -1.16920164e-02, -9.87349916e-03,
       -1.29076570e-01, -2.02604681e-02, -1.95497833e-02, -4.28782552e-02,
        4.93984707e-02,  3.92232686e-02, -1.39609100e-02, -2.30329186e-02,
       -2.97706295e-02, -1.73789095e-02,  1.89540349e-02, -1.44071802e-01,
       -4.30077985e-02,  5.94681012e-04, -3.35819498e-02, -1.11907169e-01,
       -9.55096353e-03, -1.13398567e-01, -5.33929840e-02, -1.01866014e-01,
        3.52243707e-02, -3.93663123e-02,  4.42733765e-02, -1.85726866e-01,
       -4.20284607e-02, -3.63046601e-02, -5.50261885e-02, -4.06127237e-02,
       -2.29228251e-02,  2.02773092e-03, -8.32736958e-03, -8.87122154e-02,
       -1.21269338e-02, -1.96670871e-02,  4.75371331e-02, -2.76491027e-02,
       -5.90916015e-02, -3.83013226e-02, -3.26771066e-02, -4.66856621e-02,
       -4.17012163e-02, -2.85012927e-02, -1.07425474e-01,  6.09610863e-02,
       -1.51802180e-02, -1.41144812e-01, -1.22865140e-01, -1.58365984e-02,
        1.61945797e-03, -6.46516755e-02, -5.01374304e-02,  9.30459276e-02,
       -5.56686521e-03, -8.07755813e-02,  5.02221808e-02, -1.12592869e-01,
       -1.47326523e-02, -4.40153247e-03, -1.36521431e-02, -4.07609567e-02,
       -6.31038174e-02, -2.36897822e-02, -7.05405697e-02, -2.65134200e-02,
        2.75650760e-03, -6.20217323e-02, -4.46390770e-02, -1.55410357e-02,
       -2.17537992e-02, -1.24115892e-01, -6.99715093e-02, -1.21141523e-01,
       -1.64824445e-02, -3.28953490e-02, -1.28489271e-01, -2.05978155e-02,
       -1.50196664e-02, -1.26864314e-01,  1.19787801e-04,  2.80962251e-02,
       -1.12458784e-02, -3.83185968e-02, -4.77941521e-03, -4.20406535e-02,
       -6.60518482e-02,  9.12651569e-02, -9.13294032e-02, -9.98441577e-02,
       -7.57972822e-02, -3.11533920e-02, -6.30795658e-02,  7.83374440e-03,
       -2.36775242e-02, -2.30179913e-02, -1.02486104e-01, -6.18016906e-02,
        1.44052142e-02, -1.92211401e-02,  6.62264414e-03,  2.30398811e-02,
       -9.34475958e-02, -1.26737297e-01,  3.31857465e-02, -1.24643855e-02,
       -7.10416585e-02, -2.71493811e-02, -3.12536992e-02, -1.56578775e-02,
       -1.29971340e-01,  3.42551284e-02, -9.75497067e-03, -1.06919579e-01,
       -4.02371138e-02, -1.55807525e-01, -9.39595327e-02, -3.82844098e-02,
       -4.04474214e-02,  2.57915724e-02,  4.80585285e-02, -3.35697047e-02,
       -4.22261655e-02, -7.43933320e-02, -3.28828767e-02, -5.02688736e-02,
       -1.25260532e-01, -6.33576233e-03, -2.97894347e-02, -1.99579913e-02,
       -2.49278620e-02, -3.30739357e-02, -5.85771427e-02, -6.86493516e-02,
       -4.04287577e-02, -4.41872748e-03, -1.22045720e-04, -3.51130441e-02,
        4.28925529e-02, -3.72199342e-02, -2.94338670e-02, -2.48014014e-02,
       -1.72591154e-02, -1.84131432e-02, -1.63209736e-01, -8.20598602e-02,
        9.80560086e-04, -7.07757175e-02, -5.37675992e-03, -1.68464202e-02,
        5.99502660e-02, -1.23857312e-01, -1.69299506e-02, -1.61227863e-02,
       -2.52910629e-02,  3.60389017e-02, -1.28853181e-02,  3.98535142e-03,
       -7.47683970e-03, -1.16609596e-02, -7.87508488e-02, -1.10801393e-02,
        4.94346060e-02, -4.00731675e-02, -1.61252022e-02, -7.66660348e-02,
       -4.85636108e-02, -1.59598552e-02, -6.81248084e-02,  5.32110669e-02,
       -8.94269533e-03, -3.37340862e-05, -5.58762066e-02, -7.10613094e-03,
        1.40601071e-02, -1.60224568e-02, -1.63254797e-01,  4.33292314e-02,
        4.25498411e-02,  5.76955080e-02, -1.28239086e-02, -7.12685660e-02,
       -4.25797328e-02,  3.78383100e-02,  5.02541475e-02, -1.27336159e-01,
       -4.62688580e-02, -1.22032300e-01, -2.59102788e-02,  2.66347174e-02,
       -2.37954222e-02,  5.21393158e-02, -2.06591152e-02, -1.14908822e-01,
       -1.14018053e-01, -3.07622552e-02, -2.94588041e-04, -1.07500851e-01,
        1.33561566e-01, -3.85011323e-02, -5.70038036e-02,  1.03287473e-02,
       -3.82095203e-02, -1.30509779e-01, -3.54437791e-02, -2.43491884e-02,
       -8.99079535e-03, -8.50335043e-03, -2.69808453e-02, -1.21233128e-01,
        2.16396749e-02, -1.20573126e-01, -5.32629667e-03, -4.46942933e-02,
       -1.23432532e-01, -9.17841494e-02,  7.33414963e-02, -9.09069640e-05,
        2.20289320e-01, -5.68664335e-02, -1.85635984e-01, -1.25256600e-03,
       -4.22096774e-02, -7.43032917e-02, -1.39750823e-01,  1.87077876e-02,
       -1.80315375e-02, -3.31083201e-02, -1.37336776e-01, -1.07815601e-01,
        6.01534592e-03, -1.72901064e-01, -3.97626646e-02, -3.39736007e-02,
       -1.62352219e-01, -8.07215795e-02, -9.17407647e-02, -1.42424271e-01,
        5.92659824e-02, -8.53410549e-03,  3.67753841e-02, -1.40720248e-01,
       -1.70007981e-02, -5.36750928e-02, -7.36493319e-02,  1.76063310e-02,
        1.08964555e-02, -1.16883792e-01,  1.04969635e-03, -8.09043553e-03,
        2.06634793e-02, -3.28712873e-02, -1.15192726e-01,  1.61435045e-02,
       -2.26484821e-03, -3.57589982e-02, -2.13524234e-02, -1.20471522e-01,
       -6.87281117e-02,  4.64685587e-03,  4.56396345e-04, -8.81818309e-02,
       -1.55556589e-01, -1.36881143e-01, -4.30847444e-02, -6.31623343e-02,
       -6.87113181e-02,  4.52762768e-02, -1.12196892e-01, -1.07343309e-01,
       -2.39272956e-02,  5.35712112e-03, -2.80397907e-02, -2.33681146e-02,
        2.08359156e-02, -1.38853164e-02, -8.95761419e-03, -1.13469129e-02,
       -1.43927336e-01, -5.03170006e-02, -1.65120155e-01, -3.11945435e-02,
       -2.57873535e-03, -1.66758690e-02, -6.65834248e-02, -5.75972395e-03,
       -1.74551867e-02,  2.14081071e-02, -8.51983204e-02, -1.28202319e-01,
        4.76312451e-02,  4.27174866e-02, -4.99522798e-02, -2.00237185e-02,
        9.41038039e-03,  4.88237701e-02,  5.46675688e-03, -4.75845067e-03,
       -2.52081957e-02, -1.10738896e-01, -3.43389288e-02, -4.00080793e-02,
        6.11708686e-02, -1.69385485e-02, -3.96793485e-02,  3.14276926e-02,
       -3.39598507e-02, -1.81587800e-01, -2.39412356e-02,  4.44140136e-02,
       -1.29585892e-01, -1.20441653e-01, -1.44708427e-02, -1.89495329e-02,
       -1.61582395e-01, -1.25976168e-02, -1.65535696e-02, -3.19955833e-02,
       -4.38667201e-02, -2.36288961e-02,  1.62384450e-01, -2.87923925e-02,
       -1.24601416e-01, -2.34169904e-02, -1.47837251e-01,  8.55044404e-04,
       -5.67528196e-02, -9.87120345e-02, -4.58414592e-02, -1.17513128e-02,
       -4.99675274e-02,  4.72943392e-03, -1.04553804e-01,  4.85311355e-03,
       -4.20506671e-02, -3.85515988e-02, -1.33089110e-01, -2.06952337e-02,
       -3.98547165e-02, -1.49866734e-02, -1.06577538e-02, -1.20318420e-02,
        3.41818365e-03, -5.33512756e-02, -1.42333126e-02, -6.80900784e-03,
       -6.24452978e-02,  4.79192100e-03, -1.61163900e-02, -4.67287563e-02,
       -2.30822284e-02, -6.63603889e-03, -2.19275728e-02,  1.04614524e-02,
       -8.42825510e-03, -3.35079432e-02, -1.05991447e-02, -1.33118808e-01,
       -2.50208285e-02, -1.71401780e-02, -4.09048982e-02, -1.44764692e-01,
       -4.89112213e-02,  7.74557563e-03, -4.96941395e-02, -9.85115170e-02,
        1.70109347e-02, -2.39231195e-02, -2.42541768e-02,  8.36197753e-03,
       -2.14930326e-02, -1.96252018e-02, -4.88182828e-02, -1.06790833e-01,
       -6.73069134e-02,  2.99014710e-02, -2.55005974e-02, -2.44855341e-02,
       -7.98975751e-02, -3.54652479e-02, -8.05779174e-02, -2.16772016e-02,
       -9.63680893e-02, -1.33261099e-01,  3.24294716e-02, -8.00023973e-02,
        1.15992557e-02, -9.57136750e-02, -2.88846139e-02, -2.44937148e-02,
        1.93757676e-02, -5.61036058e-02, -9.07178409e-03, -2.38216761e-03,
       -3.51988263e-02, -2.73603536e-02, -1.46680355e-01, -2.95347292e-02,
       -1.50955260e-01, -3.98959965e-02,  1.97327901e-02, -1.27358818e-02,
       -1.50015475e-02,  1.52703049e-02, -2.85599958e-02, -4.36031334e-02,
       -7.03710839e-02,  3.64871919e-02,  3.98298837e-02, -2.12555807e-02,
       -3.25841829e-02,  3.42818908e-03, -3.71156447e-03, -1.25626242e-02,
       -9.96624157e-02, -1.47732561e-02, -1.11825548e-01, -1.20618073e-02,
       -9.39919874e-02, -1.99250951e-02, -5.95107488e-02, -3.39211673e-02,
        3.11851371e-02, -1.79792140e-02, -1.21467700e-02, -8.98574106e-03,
       -3.95157374e-02, -9.12963226e-02,  2.10650153e-02, -6.41847849e-02,
        6.88602217e-03, -5.53596672e-03, -1.19323554e-02, -2.30322741e-02,
       -2.11078878e-02, -3.59939337e-02, -3.21199410e-02, -8.88685137e-02,
       -1.78409368e-01, -5.12839621e-03, -3.59569751e-02,  1.66998748e-02],
      dtype=float32)><tf.Variable 'dense_1285/kernel:0' shape=(256, 512) dtype=float32, numpy=
array([[ 0.17292024, -0.03179199, -0.06454362, ...,  0.15044916,
        -0.02274088,  0.06253922],
       [-0.08742581,  0.02918526,  0.01034262, ..., -0.11892236,
        -0.02016873,  0.04901849],
       [-0.08950349, -0.08789265, -0.05808437, ...,  0.01340907,
         0.06373499, -0.08055413],
       ...,
       [-0.05825379, -0.05776414,  0.09100138, ..., -0.06590338,
        -0.00239135, -0.21108758],
       [-0.01066258, -0.03967452, -0.05332527, ...,  0.03929024,
        -0.02678659,  0.10768036],
       [ 0.1390471 , -0.0732804 , -0.12964323, ...,  0.06768374,
        -0.00080413, -0.08695386]], dtype=float32)><tf.Variable 'dense_1285/bias:0' shape=(512,) dtype=float32, numpy=
array([ 8.58557299e-02,  6.11966401e-02, -1.12506514e-02,  5.26537523e-02,
       -9.76050645e-02, -5.30492701e-02,  5.94277717e-02,  5.60684688e-02,
        1.10817201e-01,  2.02063844e-02, -5.39270118e-02,  8.80154371e-02,
        8.13197270e-02,  5.92354201e-02,  6.46970642e-04,  7.08242729e-02,
       -2.67721936e-02,  1.96047630e-02,  6.18153997e-03,  3.08953207e-02,
        5.90187572e-02,  7.69556984e-02, -4.69640866e-02, -1.99440029e-02,
        4.12332378e-02,  2.73239315e-01,  5.79367541e-02,  9.08023939e-02,
       -4.43379208e-02, -2.25706697e-02,  1.25841200e-01, -6.16208203e-02,
       -7.17832893e-02, -5.93273044e-02,  3.82421375e-03,  1.06759127e-02,
        6.27176836e-02, -5.71986251e-02, -1.01996109e-01, -1.14742285e-02,
       -9.76609141e-02,  3.68235186e-02,  4.64177310e-01,  9.70117748e-02,
        2.00375095e-02, -6.60753027e-02, -1.60750207e-02,  8.27415213e-02,
        1.10977739e-01, -3.39860395e-02,  1.66320056e-02, -7.70680383e-02,
        1.36341807e-02,  4.45084423e-02, -8.38771239e-02,  7.14566857e-02,
       -8.75573754e-02, -1.43021680e-02,  1.71070829e-01, -1.05114877e-01,
        7.22048581e-02,  7.05322325e-02, -6.23091981e-02,  3.54143456e-02,
        2.93697305e-02, -1.33253783e-02, -9.80748534e-02,  6.53109774e-02,
       -3.12952846e-02, -2.40836926e-02, -6.70335367e-02,  8.99413675e-02,
       -9.84530058e-03,  1.06933147e-01, -5.41744903e-02,  3.07218228e-02,
        1.01912037e-01, -9.13900435e-02,  1.31002992e-01,  1.18185624e-01,
        7.20481351e-02,  1.06910206e-02,  4.77657653e-02,  5.54408915e-02,
       -3.06968112e-02,  4.73114438e-02, -3.22423801e-02, -7.73387253e-02,
        2.23206326e-01, -8.09861943e-02,  1.18632346e-01, -8.35281536e-02,
       -7.74353370e-02,  9.32433680e-02, -9.26873684e-02, -7.06485659e-02,
        3.76323536e-02,  4.04001363e-02, -7.65665397e-02,  2.59207804e-02,
       -9.20898840e-03, -3.11497264e-02,  5.86763561e-01, -1.04360871e-01,
        1.26522391e-05, -8.20400417e-02, -1.04027338e-01,  9.17958934e-03,
       -3.05123441e-03,  7.16614574e-02, -1.45442411e-01,  8.48742723e-02,
       -5.40031791e-02, -8.28159526e-02, -9.17449817e-02,  7.85462409e-02,
       -8.30899552e-02,  8.58949497e-02, -2.94259731e-02,  6.45294860e-02,
       -3.69828008e-02,  8.57003853e-02, -5.14213853e-02, -2.73896903e-02,
        1.15948252e-01,  2.78529897e-03, -1.07792765e-01, -6.47347271e-02,
        8.19037259e-02,  1.02323495e-01,  6.24506809e-02,  1.24664538e-01,
        7.99032077e-02,  6.74358010e-02, -9.80871692e-02,  8.55316520e-02,
       -4.56840172e-02,  8.24870318e-02,  9.69265923e-02, -9.44770500e-02,
       -5.67535758e-02,  4.54094559e-02,  1.26626259e-02,  5.76867256e-03,
       -1.29104685e-02,  6.41878024e-02, -9.16266590e-02,  7.85356462e-02,
       -1.34723065e-02, -6.20921655e-03,  7.90343359e-02, -2.57379245e-02,
       -1.12322753e-03,  1.18621290e-01, -8.91209319e-02,  8.90916437e-02,
       -1.71646383e-02, -7.59441704e-02, -6.33991882e-02, -9.87881497e-02,
        1.08913392e-01, -4.65735048e-02,  3.19090206e-03,  5.96947875e-03,
       -1.13311127e-01,  1.07864123e-02, -8.54866579e-02,  7.81197175e-02,
        4.24726680e-02, -7.48258922e-03, -1.00451093e-02, -4.15914655e-02,
        1.51868075e-01, -1.02664344e-01,  3.98201384e-02,  1.19869158e-01,
        7.36427912e-03, -6.86573703e-03, -8.84469599e-02,  1.28680408e-01,
       -6.81272373e-02,  4.07027900e-02, -9.11464728e-03,  1.17472015e-01,
        1.14580328e-02, -5.52180549e-03, -7.38934204e-02,  5.79137243e-02,
        1.08905017e-01,  4.44989204e-02, -9.10182148e-02,  6.64616823e-02,
        2.00756956e-02, -1.51298381e-02,  1.27694100e-01, -1.03583105e-01,
        8.11631829e-02,  1.17563948e-01,  2.26282999e-02, -7.15058446e-02,
        1.19906761e-01,  1.18972890e-01,  5.30791059e-02,  1.49680734e-01,
        1.58101723e-01,  1.22302108e-01,  1.36374444e-01,  5.82086965e-02,
        8.58089551e-02,  1.89701878e-02,  7.53704607e-02, -9.10682231e-02,
        1.07027434e-01, -5.07283509e-02, -1.35046626e-02,  1.23956148e-02,
        6.57283664e-02, -2.71066390e-02,  1.30603435e-02, -1.24880910e-01,
       -1.24976210e-01, -1.39620984e-02,  8.34002569e-02,  8.15701857e-02,
       -5.16239330e-02,  1.57321796e-01,  1.24257971e-02,  6.07595891e-02,
       -6.72694668e-02, -9.71054882e-02, -4.45997007e-02,  1.24463569e-02,
       -6.02897517e-02, -1.01124756e-01,  8.33209828e-02,  4.48659807e-02,
       -9.87884700e-02, -1.74655747e-02, -8.70295092e-02, -1.21370517e-02,
        1.38439178e-01,  5.41355908e-02,  7.44265914e-02,  1.03687271e-01,
       -8.43919915e-05,  3.08355992e-03, -6.88544735e-02,  8.94472599e-02,
        5.80673665e-02,  1.43004820e-01, -2.00310741e-02, -2.70971935e-02,
        6.16650172e-02, -5.01456782e-02,  9.54638422e-03, -1.91690512e-02,
        1.27990795e-02,  8.14490244e-02,  1.69719961e-02, -6.05350547e-02,
       -9.68363434e-02,  6.25157714e-01,  1.23225741e-01,  1.05145589e-01,
       -4.20813216e-03, -7.34199882e-02,  4.11030762e-02,  7.65820518e-02,
        2.80640740e-02,  5.86274266e-02,  8.07519704e-02,  1.27282083e-01,
        4.21948452e-03,  1.02488279e-01,  8.17493126e-02,  5.43984883e-02,
        5.28017759e-01,  9.43595096e-02,  7.86945373e-02, -7.65231028e-02,
        3.10899206e-02,  2.98177861e-02, -5.90351261e-02, -5.79660572e-02,
       -5.97356409e-02, -7.40807131e-02, -6.17453083e-02,  8.91044289e-02,
       -3.29058543e-02,  1.59310892e-01, -8.62120017e-02, -5.48376255e-02,
       -1.00336010e-02,  8.57253820e-02, -7.83128664e-02,  8.30618590e-02,
        3.25073637e-02, -7.43598342e-02,  1.23123996e-01,  1.20081849e-01,
       -7.98786804e-03,  2.59248793e-01,  3.88218910e-02,  9.11169276e-02,
        8.39994177e-02,  8.20853636e-02, -6.87325373e-02, -8.53356346e-02,
        1.15343168e-01,  1.58724114e-02, -3.21201347e-02, -1.03835441e-01,
        2.83532627e-02,  1.07308351e-01,  4.86250706e-02,  8.67528543e-02,
       -9.00479332e-02,  3.19870114e-02,  7.16699660e-02, -1.13860033e-01,
        1.48755431e-01,  3.71922627e-02,  3.28414813e-02,  8.40590522e-02,
        5.79639412e-02,  1.10391527e-01,  8.91740993e-02,  6.27836809e-02,
       -4.45589833e-02,  2.36258414e-02, -8.54007900e-02, -6.16206415e-02,
       -3.63904014e-02, -1.17148958e-01,  9.44601893e-02,  1.51023775e-01,
       -5.61760068e-02, -9.56925824e-02,  8.42630193e-02,  1.50436154e-02,
       -1.44964978e-02,  5.09438701e-02,  5.11726290e-02,  7.29372948e-02,
        4.23258878e-02, -3.55655258e-03,  6.13563322e-02,  1.07955441e-01,
       -3.85897309e-02,  6.22194596e-02,  1.11435778e-01, -8.71828422e-02,
        1.30609304e-01,  5.10000624e-02, -9.64351743e-02,  3.25825461e-03,
       -6.40839115e-02, -9.63041708e-02, -3.96507420e-02, -8.31909254e-02,
        8.59474689e-02,  1.04935236e-01,  8.70990977e-02,  1.01931863e-01,
        8.25607181e-02,  5.86104579e-02, -2.11279392e-02,  4.02406938e-02,
       -1.03282973e-01,  9.29435641e-02, -3.73491943e-02,  1.35304183e-01,
       -6.07833341e-02, -2.28100121e-02, -2.20914949e-02, -3.65739539e-02,
       -1.03497759e-01, -3.07396166e-02,  1.08487383e-01,  8.49262550e-02,
        7.19446540e-02, -8.29781666e-02, -4.09201607e-02, -5.79578988e-02,
        9.85751823e-02,  7.02228025e-02, -6.22886885e-03, -2.52359845e-02,
       -9.79445316e-03, -5.45196757e-02, -7.60951489e-02, -6.46196604e-02,
        1.04812972e-01, -6.78351000e-02, -1.63055025e-02, -3.86130922e-02,
        6.01256676e-02, -4.51261289e-02, -3.40603068e-02,  7.23141208e-02,
       -1.75599325e-02, -1.39497686e-02, -9.32133049e-02,  1.98556155e-01,
       -1.13889925e-01,  4.11611311e-02, -7.25974590e-02,  7.16121718e-02,
        1.22363687e-01,  1.24916367e-01,  1.36140525e-01, -8.34491774e-02,
        1.34997228e-02,  8.69881734e-02, -7.33190626e-02, -1.11988649e-01,
        8.37564915e-02,  7.88026750e-02,  1.17852487e-01,  7.99464285e-02,
       -2.84262914e-02, -9.37732086e-02,  2.64603819e-04,  1.21485829e-01,
       -1.03708707e-01, -8.24744105e-02, -6.39001001e-03,  1.17172971e-01,
       -2.45471578e-02,  8.32746327e-02,  8.42212811e-02, -9.34797525e-02,
       -5.88809550e-02, -1.01242848e-01,  1.52082056e-01,  2.65325792e-02,
        1.22362651e-01,  4.04368266e-02, -6.96675554e-02, -2.65192613e-02,
       -6.91766292e-02,  3.07525676e-02,  7.23283514e-02, -1.74799003e-02,
       -8.66553709e-02,  8.99235159e-02,  4.26384471e-02,  4.55770120e-02,
        8.01904798e-02,  2.62913294e-03, -1.00385308e-01, -1.13921463e-01,
       -7.40416795e-02, -1.03708610e-01, -9.72292870e-02,  9.78608131e-02,
       -1.30067870e-01, -1.01281777e-02,  4.83654812e-02,  2.25222483e-02,
        2.05643233e-02,  8.73957351e-02,  5.96028119e-02,  6.58490583e-02,
       -5.73948286e-02,  6.25337958e-02,  6.87758103e-02,  5.14743179e-02,
       -1.00791626e-01, -1.93709787e-02, -8.94905180e-02,  6.60914779e-02,
        8.89877155e-02, -5.26008122e-02,  7.92680755e-02, -8.28739256e-02,
       -4.11405526e-02, -6.85690194e-02, -6.51811212e-02,  7.91883320e-02,
        1.32377580e-01, -9.36090872e-02,  2.31490396e-02,  7.63370022e-02,
        4.19896608e-03, -6.93181753e-02, -5.33699282e-02,  8.86833891e-02,
        8.74256939e-02,  2.97148544e-02, -9.98995528e-02, -3.20158824e-02,
       -1.82742476e-02, -2.88487356e-02, -2.76099369e-02,  5.38087003e-02,
        3.51891518e-02, -1.36097372e-02,  1.70515515e-02,  6.60738945e-02,
        6.68982789e-02, -9.17208195e-02,  7.46148964e-03, -9.98990089e-02,
       -8.42208415e-02, -7.44721442e-02, -8.87098685e-02, -1.12617999e-01,
        1.60053484e-02, -6.20725267e-02, -3.57020870e-02,  9.07115638e-02],
      dtype=float32)><tf.Variable 'dense_1296/kernel:0' shape=(512, 512) dtype=float32, numpy=
array([[ 0.0442054 , -0.01742591, -0.02138724, ...,  0.05643665,
         0.06462416,  0.00407201],
       [ 0.08606301, -0.08963181, -0.02593507, ...,  0.11590023,
        -0.03841947,  0.09314271],
       [ 0.05997449,  0.02117123,  0.02858995, ...,  0.00637341,
         0.01610408,  0.00250687],
       ...,
       [ 0.04650064,  0.01033877,  0.02959965, ...,  0.05931851,
         0.01368269,  0.04764429],
       [ 0.13877241, -0.02933621,  0.0370107 , ..., -0.04054693,
        -0.03574859,  0.18104003],
       [ 0.03052292,  0.05428083, -0.10110842, ...,  0.01726728,
         0.06960982, -0.10492161]], dtype=float32)><tf.Variable 'dense_1296/bias:0' shape=(512,) dtype=float32, numpy=
array([-8.77816323e-03,  1.51194995e-02, -7.98381492e-03, -2.02426855e-02,
        2.55579017e-02, -2.53081731e-02, -1.49739785e-02,  5.05715515e-03,
        1.99942291e-02, -6.70084916e-03,  5.07253408e-03, -1.72680318e-02,
       -1.25220492e-02, -4.31029499e-02, -3.74838635e-02,  1.24471877e-02,
        1.45610627e-02, -6.85702339e-02,  1.31445751e-02, -1.55634265e-02,
       -1.58049557e-02, -1.24882251e-01, -1.27556724e-02,  7.30756968e-02,
       -2.01328751e-03,  1.32955099e-03, -1.33574391e-02, -2.20601261e-03,
       -2.50451267e-04, -1.84409730e-02, -2.73746555e-03,  6.58678785e-02,
       -4.12199227e-03, -7.05672242e-03,  6.31562024e-02, -3.85580445e-03,
        2.23796256e-03,  7.95444008e-03, -4.43028798e-03, -4.87089856e-03,
       -1.74288861e-02,  8.37850720e-02, -3.34461741e-02, -4.15979922e-02,
       -1.40783601e-02,  8.04729611e-02,  2.31073648e-01, -6.64277971e-02,
       -3.71137112e-02, -6.85209036e-02,  1.23892771e-02, -1.04027027e-02,
       -3.72131844e-03, -1.17726987e-02, -9.48121548e-02,  2.01151501e-02,
       -4.41511385e-02, -2.84756124e-02, -4.53616641e-02,  4.22835387e-02,
       -3.27920658e-03,  2.53231032e-03, -9.03640222e-03, -1.11328708e-02,
       -1.22507233e-02,  5.61636500e-02,  7.97489285e-02, -1.26875211e-02,
       -1.15516990e-01,  4.86835390e-02, -1.34544194e-01, -1.17972968e-02,
       -1.18771106e-01, -3.73914726e-02, -6.54993346e-03, -1.12287112e-01,
        6.50501344e-04, -9.78069082e-02,  9.37202498e-02, -2.29026517e-03,
        5.97629175e-02, -1.72744947e-03, -5.49582532e-03, -9.38143581e-03,
       -3.18191550e-03, -6.35164138e-03, -1.34657370e-02, -2.99975537e-02,
       -3.08206137e-02, -4.59522940e-03,  7.10391775e-02, -5.14796339e-02,
       -1.13558620e-01, -1.08492143e-01, -5.35310479e-03,  5.79443052e-02,
       -2.64098705e-03, -6.50889277e-02,  2.55543436e-03, -1.08939437e-02,
       -3.35653797e-02, -2.09088009e-02, -7.70143466e-03, -9.04305726e-02,
       -1.32543370e-02, -1.09404651e-02, -1.01836473e-01, -1.01585379e-02,
       -7.82309100e-02, -1.59590952e-02, -2.33754236e-02, -4.43458632e-02,
       -1.78327169e-02, -7.38111436e-02,  8.02631024e-04, -7.46117234e-02,
       -7.54586048e-03,  5.26861614e-03, -3.96735687e-03, -4.10377048e-03,
       -9.73987505e-02, -1.20301135e-02, -1.35441707e-03, -1.25336751e-01,
        3.59442756e-02,  2.77145915e-02,  3.53064053e-02,  7.10322103e-03,
       -2.04025608e-04,  6.98589906e-02, -2.53174864e-02, -8.24695826e-03,
        7.74237886e-02, -1.49356890e-02, -1.07687265e-02, -3.83974961e-03,
       -5.16118307e-04, -1.08734258e-02,  2.64988720e-01, -2.39584465e-02,
       -8.35755374e-03, -1.14921695e-02, -7.43461121e-03, -3.96712385e-02,
       -1.61437672e-02, -8.56872927e-03, -8.63365177e-03, -3.27375717e-03,
        6.02308661e-02, -3.14065255e-02, -8.86131823e-02, -3.22482251e-02,
       -1.80197004e-02, -6.16181083e-03,  2.87266802e-02, -9.12165456e-03,
       -1.25531569e-01,  1.53412998e-01, -9.07737762e-03, -1.37643311e-02,
       -1.23214729e-01,  6.34922162e-02, -8.46199133e-03, -2.98301177e-03,
        4.91925664e-02,  8.39606971e-02, -4.27780934e-02, -5.59149019e-04,
       -8.34395550e-03, -5.41489013e-02,  7.75771169e-03, -3.52068362e-03,
       -1.99771654e-02,  7.95963779e-02,  9.58555099e-03,  3.11024091e-03,
       -7.11079985e-02, -9.30875947e-04,  6.53138682e-02, -5.13298362e-02,
        3.24337073e-02, -9.39961597e-02, -7.70707102e-03,  3.41303810e-03,
       -6.96259886e-02, -2.92719882e-02, -4.78762798e-02, -1.37233874e-02,
       -1.70176160e-02, -9.06442851e-02, -2.81506907e-02, -5.61784580e-03,
       -9.49189663e-02,  7.00548664e-02, -1.12651931e-02,  1.59963965e-02,
        1.30413268e-02, -8.24920833e-02, -6.77073523e-02,  4.39947397e-02,
       -5.62187005e-03, -2.74041435e-03,  2.65290942e-02, -1.15685962e-01,
        8.37010369e-02, -1.26011176e-02,  4.48321784e-03, -9.26375203e-03,
       -8.56352597e-02, -2.05517076e-02, -1.23530984e-01, -3.01313587e-02,
       -4.78752423e-03, -9.33997519e-03, -1.74069759e-02, -7.73941306e-03,
       -1.27363473e-01, -7.55683519e-03,  9.83082429e-02, -8.83003697e-03,
        3.18723684e-03, -8.18654820e-02, -1.71797909e-02, -1.90188363e-02,
       -4.52074967e-02, -7.13923126e-02, -1.07202716e-02, -1.00782827e-01,
       -4.01851302e-03, -3.31302620e-02, -9.62892454e-03, -9.71768796e-03,
        6.31005615e-02, -3.29332054e-02,  1.42046365e-05, -3.24868299e-02,
       -9.46066082e-02, -4.93553132e-02, -7.26377917e-03, -5.51626682e-02,
        4.71819006e-02, -5.72415181e-02, -3.26312636e-03, -5.63442847e-03,
        4.99025285e-02,  2.91312020e-02, -1.21356277e-02,  2.45885737e-02,
       -1.15104839e-01,  8.95524248e-02, -2.55667195e-02, -6.11138381e-02,
       -6.42006472e-02, -7.72658214e-02, -3.34919877e-02, -7.69640971e-03,
        1.06818117e-02, -3.77900060e-03, -1.16664555e-03, -9.12391096e-02,
        1.81658082e-02, -7.21446006e-03, -6.41448842e-03, -1.25385784e-02,
       -1.00732166e-02, -3.70227336e-03,  7.12964684e-02, -8.86996929e-03,
        1.91093180e-02, -1.50986910e-02, -3.95204406e-05, -1.91131968e-03,
       -7.30493441e-02, -1.40108587e-02, -5.67945130e-02, -5.59162423e-02,
       -4.60822247e-02, -1.78283919e-02, -6.90232543e-03, -1.07749058e-02,
       -5.70180900e-02, -3.79323438e-02,  8.68578814e-03, -6.03517750e-03,
       -1.14528053e-02, -9.99135524e-02,  7.11587444e-02, -8.55501816e-02,
       -9.91285443e-02, -5.16888052e-02, -2.77605597e-02, -6.18480854e-02,
       -2.73969094e-03, -5.75986318e-03, -1.34596424e-02, -7.85026625e-02,
       -3.28641944e-02,  9.72968563e-02,  3.47703174e-02, -4.52810116e-02,
        6.10969141e-02,  2.18053237e-02, -7.60995373e-02,  1.03213795e-01,
       -9.27243531e-02,  2.44347192e-02, -6.70094267e-02,  1.39787458e-02,
       -4.10130853e-03, -1.28977299e-01, -9.14756581e-03, -1.06931292e-02,
       -3.27432645e-04, -1.79216138e-03, -4.06161435e-02, -1.12961061e-01,
       -5.24534024e-02, -1.51155507e-02, -4.52716276e-03, -1.01353182e-02,
       -3.34142558e-02, -9.72197112e-03, -9.16249678e-02, -7.70918699e-03,
       -6.14703596e-02, -6.58284593e-03,  2.30229436e-03,  5.47626615e-02,
       -9.97243449e-03,  6.35083914e-02, -1.16134277e-02,  5.07581234e-03,
       -5.73176185e-05, -1.86687894e-02, -2.42267363e-02, -7.67203495e-02,
        1.64487364e-03, -6.91912696e-02, -5.50845601e-02, -1.00885173e-02,
       -5.14360657e-03, -9.04853046e-02, -9.23179090e-03,  1.61998475e-03,
        1.83954444e-02, -7.62073249e-02, -7.35011930e-03,  3.14060831e-03,
        1.02225952e-02, -8.71804282e-02, -9.21725575e-03,  2.48808384e-01,
       -8.32101479e-02, -5.12346663e-02,  3.09725828e-03,  3.14593464e-02,
       -8.71447567e-03,  9.39381123e-03,  1.33770909e-02,  4.35864441e-02,
        1.87136550e-02, -2.68114032e-03,  1.05719995e-02, -5.51532535e-03,
        6.53870627e-02, -1.26533536e-02,  3.56425880e-03, -7.02721346e-03,
        1.09767197e-02, -1.18433684e-02,  2.02934584e-03, -1.12081766e-02,
        5.73025383e-02, -2.23007314e-02, -1.26110062e-01,  7.71022961e-03,
        2.19189394e-02, -1.18689723e-01,  1.25215920e-02, -1.01873325e-02,
       -3.63843776e-02, -7.94734284e-02,  4.60034087e-02,  8.62650573e-02,
       -3.10284295e-03, -5.23423031e-03, -2.49904729e-02, -8.53332207e-02,
        1.27449958e-02, -7.77486488e-02, -7.56380009e-03,  4.32392582e-02,
        2.88732164e-02, -3.98365315e-03, -8.13082512e-03, -5.81451319e-03,
       -5.52048720e-03,  5.46359420e-02, -1.53856445e-02, -2.89843068e-03,
        7.91905075e-02, -7.53890947e-02,  4.80287150e-03, -7.90689960e-02,
       -7.68239573e-02, -1.64310336e-02,  1.09772258e-01, -3.49181442e-04,
       -2.97354907e-03, -1.64293265e-03,  5.50891981e-02, -7.28345523e-03,
        1.69917829e-02,  3.19442712e-02, -9.65198129e-02,  2.51495205e-02,
        6.53212667e-02,  2.40976345e-02,  1.05152186e-02, -3.96027183e-03,
       -1.93617865e-03, -1.75378919e-02, -1.34319708e-01, -2.54278723e-02,
       -3.92115861e-02,  2.06253193e-02,  1.05680026e-01,  6.33674040e-02,
        1.37861054e-02, -1.59213208e-02, -7.66001688e-03, -7.41015077e-02,
       -5.74281393e-03, -4.32102270e-02,  3.73988114e-02, -1.08839847e-01,
        2.38087550e-02,  2.53400728e-02,  2.85629258e-02, -6.56876042e-02,
       -3.15363402e-03, -8.30754638e-03,  1.33154122e-02, -1.02899941e-02,
        4.68405969e-02,  6.49067089e-02,  6.65237829e-02, -1.81435850e-02,
       -2.14426927e-02, -2.15190230e-03, -2.04373430e-03, -1.28547117e-01,
       -1.10720685e-02,  5.34026437e-02, -4.95426841e-02, -4.44375239e-02,
       -6.15067314e-03, -9.97684058e-03, -1.31502315e-01, -1.32675469e-03,
       -1.37848184e-02, -4.51988243e-02,  9.88289639e-02, -1.39460694e-02,
       -1.60248522e-02, -5.07912785e-03, -8.32985714e-03, -1.45216594e-02,
        8.19918886e-02, -2.72207009e-03, -2.82421196e-03,  6.29933476e-02,
        1.76354125e-03, -1.27394259e-01, -7.05407485e-02,  2.12395657e-02,
       -1.67291500e-02,  3.10604624e-03, -1.83437727e-02, -3.83416400e-03,
        4.27458100e-02, -1.05208391e-02, -2.69847680e-02, -8.72507412e-03,
       -2.60554696e-03, -1.05328439e-02,  2.61108601e-03,  5.29831927e-03,
       -9.24773701e-03, -7.82677904e-02, -1.19621620e-01,  5.54983139e-01,
        1.88936517e-02,  4.90965806e-02, -2.12094169e-02,  4.29985374e-02,
        2.25214977e-02, -3.65169859e-03, -4.24460694e-02, -3.03429347e-02,
        4.26576240e-04, -1.27051976e-02, -1.00311235e-01, -1.36181610e-02,
       -1.05504274e-01,  7.30847148e-03, -2.37659994e-03, -6.67708069e-02,
       -1.09782275e-02, -8.99652317e-02, -1.54551649e-02, -9.24895704e-03],
      dtype=float32)><tf.Variable 'dense_1286/kernel:0' shape=(512, 128) dtype=float32, numpy=
array([[-0.12898412,  0.05646017, -0.03990437, ..., -0.05042887,
        -0.09119032, -0.02763798],
       [ 0.04374457,  0.11151462, -0.08483306, ..., -0.00589571,
        -0.13072687, -0.09204526],
       [ 0.08021978,  0.0263579 , -0.04718429, ..., -0.09475367,
        -0.0019022 , -0.06237039],
       ...,
       [-0.05278275, -0.10998801,  0.06861164, ...,  0.06173333,
        -0.10780789, -0.08622554],
       [ 0.01214609,  0.08490441, -0.03544747, ...,  0.10478947,
        -0.02601426, -0.1643401 ],
       [ 0.01745223,  0.03288237, -0.11442595, ...,  0.00831279,
         0.00643875,  0.04118187]], dtype=float32)><tf.Variable 'dense_1286/bias:0' shape=(128,) dtype=float32, numpy=
array([-0.00213706, -0.0124972 ,  0.01210018, -0.0253833 ,  0.11264382,
        0.08661176,  0.12805784, -0.01309423, -0.00503916,  0.04644682,
       -0.01046819, -0.02135437, -0.02773331,  0.00316979, -0.06882209,
       -0.00724176, -0.02215578,  0.04370446, -0.01579158, -0.01033687,
       -0.04145898,  0.09214567,  0.0110921 ,  0.06227518, -0.0058364 ,
        0.00711023,  0.03238056, -0.00687849,  0.00049021, -0.03571039,
        0.0750526 ,  0.09814121,  0.00032399, -0.0126805 , -0.00891781,
       -0.00360212,  0.00792796,  0.07521484, -0.01587169, -0.00561488,
        0.08000014,  0.10119102,  0.02106113, -0.02519783, -0.00460348,
        0.09175288, -0.01685412, -0.02456093, -0.09091221, -0.00580528,
        0.10532144, -0.01007768,  0.21935827,  0.03143596,  0.03716328,
       -0.04380849,  0.14398918, -0.00911995, -0.03198293, -0.0078352 ,
       -0.00087106, -0.00871671, -0.02035788,  0.09937751, -0.00943608,
        0.01602025,  0.15356596,  0.13603716,  0.03554486,  0.05823994,
        0.0846528 ,  0.01414171, -0.01146818, -0.03960569, -0.03315073,
       -0.04044447, -0.01108619, -0.03847147, -0.00183615, -0.04214943,
       -0.02647523, -0.00542689,  0.00779363, -0.01131717,  0.02231766,
        0.015644  ,  0.08747796, -0.03773928,  0.08518738, -0.01102086,
       -0.01808884, -0.03671436, -0.00792065,  0.12081026, -0.00840653,
        0.12127671,  0.02231546, -0.01018381,  0.04201658, -0.01118007,
        0.16049589, -0.00968141, -0.01202641, -0.00477075,  0.1329461 ,
       -0.00458393,  0.02614476,  0.17434219,  0.03026083,  0.05394716,
        0.08562481, -0.02314205, -0.01696237, -0.01262503, -0.029234  ,
        0.08032344,  0.00516637,  0.00849654,  0.10625189,  0.00262252,
       -0.00580806, -0.00431459, -0.04505777, -0.01374727, -0.00707217,
       -0.0043459 ,  0.02902976,  0.09837516], dtype=float32)><tf.Variable 'dense_1297/kernel:0' shape=(512, 256) dtype=float32, numpy=
array([[-0.01506811,  0.05917701,  0.0969836 , ..., -0.10682158,
        -0.10809259,  0.08397355],
       [ 0.03989362, -0.0605171 ,  0.08052569, ...,  0.03470794,
         0.04585139,  0.07367571],
       [-0.04647449, -0.02053785, -0.10617599, ...,  0.05440196,
        -0.04384452, -0.08318827],
       ...,
       [ 0.04652839,  0.07106737,  0.04044682, ...,  0.03874755,
         0.0065118 ,  0.03053389],
       [-0.05346336,  0.02539212,  0.01710263, ..., -0.01260233,
        -0.11735652, -0.01607671],
       [ 0.02409977,  0.04159708,  0.04060018, ..., -0.0328622 ,
         0.0984591 ,  0.05057814]], dtype=float32)><tf.Variable 'dense_1297/bias:0' shape=(256,) dtype=float32, numpy=
array([-5.15836664e-03, -9.05811787e-03,  1.83639433e-02,  4.61641923e-02,
       -1.95996203e-02,  1.13287352e-01, -2.00688932e-02, -7.40767345e-02,
       -5.39103011e-03, -2.61166785e-02, -2.77208015e-02,  2.04919688e-02,
       -6.05766550e-02, -8.17389414e-02, -2.63755191e-02,  2.86151981e-03,
        1.13295317e-01, -8.76355469e-02, -8.26754328e-03, -1.79947889e-03,
       -6.67996285e-03, -8.79322812e-02, -5.48163727e-02,  1.08962785e-02,
        7.96162896e-03,  1.01168891e-02, -2.91439099e-03, -6.47635618e-03,
       -6.65765349e-03,  4.47318470e-03, -4.65162806e-02, -7.81178325e-02,
       -2.00980692e-03,  3.30030173e-03,  1.50562555e-03, -7.59939849e-02,
       -1.09994495e-02, -2.77523454e-02, -8.29303190e-02,  3.51226353e-03,
        9.33623910e-02, -4.29753587e-03, -7.64180766e-03, -2.46374160e-02,
       -7.58570852e-04, -1.81539392e-03, -9.23072174e-03,  9.32718813e-02,
       -6.37332909e-03, -7.50552025e-03, -5.33673388e-04, -5.85710770e-03,
       -2.10084319e-02,  1.68517064e-02,  2.72976942e-02, -2.23298781e-02,
        6.70752837e-04, -7.72373453e-02, -1.03960438e-02,  7.66856745e-02,
       -8.33523087e-03, -8.07424188e-02, -1.80149693e-02, -7.89520070e-02,
       -7.84170628e-02, -2.71866061e-02,  9.88402739e-02, -6.46744994e-03,
       -8.51037279e-02,  5.65361083e-02, -3.89229767e-02, -9.54718236e-03,
        1.27894506e-02,  6.95473999e-02, -9.09751374e-03, -5.18134376e-03,
       -5.52572682e-03,  6.06607012e-02,  3.51555906e-02, -3.32631655e-02,
       -1.15037430e-02, -1.20278308e-02,  1.28748715e-01,  1.47366233e-03,
       -3.41360010e-02, -1.50361825e-02, -9.66466144e-02, -1.72655061e-02,
        2.03975104e-02,  3.00115813e-02, -9.53866541e-02, -1.58164669e-02,
       -5.66858938e-03, -4.63994332e-02, -6.64664013e-03, -9.82739627e-02,
       -4.61239628e-02, -4.74849297e-03,  2.34285519e-01, -4.16356251e-02,
       -5.95982112e-02,  9.01336819e-02, -1.16146160e-02,  4.17895237e-04,
       -8.19456019e-03,  1.35506280e-02,  5.66099025e-02, -3.10479831e-02,
       -9.05572176e-02, -2.12346930e-02, -1.10506099e-02, -2.88544036e-02,
       -2.30268575e-02,  1.05384579e-02, -4.81447019e-03, -2.25149840e-02,
        2.63082564e-01, -2.13751830e-02,  1.60276387e-02, -5.73248882e-03,
       -8.28971043e-02, -2.53501739e-02, -3.89912340e-04,  6.70764130e-03,
        1.24396086e-02, -1.08053181e-02, -1.11281304e-02, -4.57169442e-03,
        9.48268268e-03,  1.86003074e-01,  2.15517189e-02, -3.68244126e-02,
        1.94939911e-01, -1.45714767e-02,  9.80645767e-04,  3.99945974e-02,
       -1.64758246e-02,  1.21495187e-01, -4.83995117e-02, -6.90991571e-03,
       -6.21544383e-02, -6.87874528e-03, -1.45624764e-02,  9.97779146e-02,
        2.42994473e-04,  1.22808781e-03, -2.35858606e-03, -6.30746782e-02,
        1.70126390e-02, -1.63447037e-02,  3.49728726e-02,  3.42604727e-03,
       -6.91369101e-02,  5.56809269e-02, -2.31219605e-02,  1.11386992e-01,
       -9.15053766e-04, -7.64890807e-03, -7.68309981e-02, -6.26093987e-03,
        1.24222282e-02, -5.08335121e-02, -2.44228577e-04, -8.26186966e-03,
        5.64449131e-02, -8.55247956e-03, -8.67579598e-03,  2.02400330e-02,
       -7.38155395e-02, -1.72337405e-02, -4.70344536e-02,  3.67946952e-04,
        9.12845731e-02, -5.93091361e-03, -2.08528843e-02, -6.60844240e-03,
       -1.09835551e-03,  1.99968740e-02,  3.89092639e-02,  1.09012257e-02,
        2.16476582e-02, -1.78416271e-03, -1.14697253e-03,  4.36030477e-02,
        1.25413202e-02,  8.50512311e-02, -6.40609581e-03,  1.00879082e-02,
        1.01296771e-02, -4.95572481e-03, -6.37965696e-03, -8.68739188e-02,
       -1.98757113e-03,  5.04638180e-02,  1.91229712e-02,  7.25987479e-02,
        6.77306354e-02, -2.83982838e-03, -9.21711624e-02, -6.00785296e-03,
       -1.39609342e-02, -7.45682493e-02, -5.30567355e-02, -4.64293659e-02,
       -5.32645872e-03, -6.98107705e-02,  5.66863418e-02,  6.36892766e-03,
        1.09479100e-01, -8.45981017e-02, -6.61890814e-03, -2.60811951e-02,
        3.76217701e-02, -8.07140954e-03, -7.84657616e-03,  7.82462284e-02,
       -7.01931790e-02,  1.31728379e-02, -3.37216295e-02,  4.64507891e-03,
       -5.62156271e-03, -2.28109211e-02, -3.70041467e-03, -1.55244358e-02,
        2.39690393e-02, -6.34652004e-03, -2.15566754e-02, -8.35156515e-02,
        2.85233259e-02,  1.40475091e-02, -7.32790958e-03, -1.07815852e-02,
       -5.52460132e-03,  4.73089367e-02, -4.81883772e-02, -5.74938022e-02,
       -9.07068178e-02,  1.04201339e-01,  3.21774706e-02,  1.50635350e-03,
       -4.73545585e-03,  2.32036272e-03, -6.84031546e-02, -4.56963293e-03,
       -1.16081061e-02, -7.00812563e-02,  5.16971154e-03, -5.37662534e-03,
       -8.72741174e-03,  2.02784650e-02, -6.05923794e-02, -8.67027603e-03,
       -3.67463082e-02, -3.04686883e-03, -1.21382058e-01,  2.65819971e-02],
      dtype=float32)><tf.Variable 'dense_1287/kernel:0' shape=(128, 128) dtype=float32, numpy=
array([[-0.04820912, -0.0057263 ,  0.05474982, ...,  0.09683398,
         0.03643361,  0.24370474],
       [-0.0503536 ,  0.12949064,  0.11405193, ...,  0.24262244,
        -0.15358955,  0.27305305],
       [-0.06988389, -0.14072128,  0.08728314, ..., -0.13037045,
         0.09958915,  0.05153599],
       ...,
       [ 0.00583886, -0.05690075,  0.13027932, ..., -0.08860973,
         0.04559547, -0.10639104],
       [ 0.01887288, -0.21583965, -0.14416517, ..., -0.02556891,
         0.08699438,  0.1303753 ],
       [ 0.2184302 , -0.09660491,  0.1012683 , ..., -0.0166819 ,
        -0.13833748,  0.10164903]], dtype=float32)><tf.Variable 'dense_1287/bias:0' shape=(128,) dtype=float32, numpy=
array([-3.04214451e-02,  3.10457889e-02, -8.96640047e-02,  8.93539488e-02,
       -3.31798824e-03, -4.56408560e-02,  9.96063501e-02, -7.28031397e-02,
       -2.78780097e-03,  8.72468576e-03, -1.05768406e-04, -8.13308507e-02,
        1.07603475e-01,  2.75612287e-02,  1.12270668e-01,  1.71260521e-01,
        1.55698895e-01,  1.58494428e-01,  1.62169456e-01, -1.03572719e-01,
        5.77879883e-02, -1.04827238e-02,  4.31416854e-02, -8.44186842e-02,
       -8.63629859e-03,  1.51084796e-01,  1.45192847e-01,  6.32316768e-02,
       -3.66748720e-02,  1.92060709e-01,  4.45991047e-02,  5.49379177e-02,
       -9.70532373e-03, -7.30981156e-02, -1.23694288e-02, -2.47691516e-02,
        1.25773594e-01,  9.45096184e-03, -7.72825116e-03, -2.60044299e-02,
        1.65764570e-01, -4.42182273e-03,  9.44673494e-02, -2.48351898e-02,
       -3.25487293e-02, -9.34801344e-03, -6.49237856e-02, -1.17362566e-01,
       -1.19331226e-01,  1.13093585e-01,  1.00864075e-01, -7.73861259e-02,
       -2.24394128e-02,  4.08554333e-04, -2.22100727e-02,  8.21783692e-02,
       -6.89617991e-02, -1.54301561e-02,  1.38697922e-01, -5.21471165e-03,
        1.17038272e-01, -4.63254154e-02, -5.21355867e-02, -9.22040716e-02,
       -3.87682654e-02, -2.02187579e-02,  4.20583822e-02,  3.01404931e-02,
        3.12654711e-02, -1.62463218e-01, -1.10753782e-01,  8.86936486e-02,
        8.66868161e-03, -3.26912329e-02,  9.18098465e-02, -7.18623474e-02,
        1.39575034e-01, -2.67595910e-02, -1.13496780e-01,  3.91855314e-02,
        3.26620527e-02,  8.17836672e-02, -1.20536974e-02, -6.26644352e-03,
        3.50451261e-01,  1.59356166e-02,  2.63724215e-02, -7.23807141e-02,
        2.85040569e-02,  1.22805856e-01, -2.29506101e-03, -7.64218494e-02,
       -1.15531772e-01, -6.94277091e-03,  1.38390556e-01,  1.51993856e-01,
        1.11193806e-01, -3.68023315e-03, -2.96772178e-02, -3.68095897e-02,
       -8.55683386e-02, -8.23487416e-02, -7.26784300e-03,  1.30096301e-01,
        2.85411552e-02,  1.23920962e-01, -1.39517486e-01,  1.58826381e-01,
       -1.57607779e-01, -6.24838797e-03, -1.26139194e-01,  1.57406777e-01,
       -7.83566758e-03, -1.81849080e-03,  1.79346534e-03, -2.55708285e-02,
        9.04776901e-02, -5.05325710e-03,  4.33897674e-02, -1.40504446e-02,
       -9.83880311e-02, -1.61488671e-02, -7.75873475e-03, -2.25875862e-02,
       -4.67852987e-02, -8.83194007e-05,  9.42773819e-02, -8.66288040e-03],
      dtype=float32)><tf.Variable 'dense_1298/kernel:0' shape=(256, 256) dtype=float32, numpy=
array([[-0.2043883 , -0.07620592,  0.15529186, ..., -0.05686017,
         0.1545674 , -0.06796988],
       [-0.0591411 , -0.15053508, -0.01032708, ...,  0.07928277,
         0.00993282, -0.07828058],
       [ 0.09988992,  0.0725575 , -0.02811839, ...,  0.07280549,
         0.05461381,  0.03183008],
       ...,
       [-0.02470059, -0.17983563,  0.01065206, ...,  0.12313655,
        -0.03419967,  0.1056053 ],
       [ 0.18026409, -0.08461456,  0.01447374, ...,  0.10893266,
         0.06649037, -0.02326758],
       [-0.07706541, -0.01691603,  0.08128844, ...,  0.05223896,
         0.07114819,  0.13813366]], dtype=float32)><tf.Variable 'dense_1298/bias:0' shape=(256,) dtype=float32, numpy=
array([-6.25530351e-03,  4.38323431e-02, -5.06825978e-03, -2.15414423e-03,
        1.46952681e-02, -4.77466583e-02,  3.33783403e-02, -8.27452317e-02,
        8.45175236e-02, -5.57971969e-02, -6.41069189e-03,  1.33009383e-03,
        1.90255567e-04,  6.05950281e-02, -5.16601317e-02,  8.04672167e-02,
        8.27150866e-02,  7.65246451e-02, -5.81677370e-02, -7.21156690e-03,
       -7.07364082e-02,  4.82160188e-02, -1.81732941e-02,  1.20204777e-01,
        1.79384165e-02,  5.18019795e-02,  6.98485970e-02, -1.27605256e-02,
        1.40870348e-01, -1.93601362e-02, -6.35275804e-03,  1.39359131e-01,
       -7.80912265e-02,  1.28057087e-03, -2.99190474e-03,  7.92366862e-02,
       -7.35582337e-02, -3.10953390e-02,  8.25085267e-02, -5.43181486e-02,
        2.04111859e-02, -2.91094696e-03,  4.12164163e-03, -9.15648416e-02,
       -7.75380954e-02,  6.57170489e-02,  2.80582123e-02,  5.00003174e-02,
       -3.36814974e-03, -7.57732540e-02, -1.30283963e-02, -2.28944141e-02,
       -5.95275429e-04,  3.21251922e-03,  6.02076724e-02, -7.15067983e-02,
       -6.54190220e-03, -9.92949214e-03,  6.08579703e-02, -6.00258894e-02,
        6.63942620e-02,  1.55899040e-02, -1.72086875e-03,  5.61706126e-02,
        2.35252380e-02,  1.30656675e-01, -1.78811606e-02, -9.39826295e-03,
        1.16177179e-01, -2.72545535e-02,  2.83715576e-02, -5.90604078e-03,
        2.06748620e-02, -2.16837097e-02,  2.16970034e-02, -8.67875591e-02,
       -4.41829860e-02,  8.25135561e-04,  1.17624909e-01, -2.99171228e-02,
        5.73069602e-02,  7.82592688e-03, -4.17723022e-02, -4.59087007e-02,
        4.25755465e-03, -1.67571809e-02, -7.72770820e-03, -1.89559516e-02,
       -9.30194650e-03, -2.06228606e-02,  3.93238291e-02, -6.71877386e-03,
        9.84499976e-03, -5.96697293e-02, -3.11612375e-02,  6.27334639e-02,
        4.41054022e-03, -2.30880477e-03, -9.76157375e-03, -5.74868592e-03,
       -3.45409773e-02,  1.30459033e-02, -6.48250710e-03, -1.07655339e-02,
       -6.51934221e-02, -1.04333535e-02, -7.35212788e-02,  7.04534410e-04,
        1.69739183e-02, -9.06768814e-03,  2.88385879e-02, -8.13184679e-03,
        1.56231700e-02, -1.21326502e-02, -1.17498115e-02, -1.32149854e-03,
       -9.18232556e-03,  1.08781839e-02,  4.51216064e-02,  3.98966745e-02,
       -3.69335823e-02,  5.21107689e-02, -2.90348311e-03, -8.53060931e-03,
       -1.58376172e-02,  4.81093340e-02,  1.50568774e-02, -6.06152378e-02,
       -1.13653755e-02,  8.35894346e-02,  5.09170396e-03,  1.10374875e-02,
       -3.77252363e-02, -5.76050431e-02, -7.43142515e-02,  5.50985299e-02,
       -8.45206995e-03, -4.18422595e-02, -2.98408046e-03, -6.91427663e-03,
        1.59696396e-02,  5.95753193e-02, -1.35544818e-02, -2.60345973e-02,
        1.56994201e-02, -5.45695014e-02,  2.22199485e-02,  7.43869506e-03,
        1.86674763e-02, -9.10417456e-03,  1.19334729e-02,  5.86158363e-03,
        5.42348586e-02, -7.07130833e-03, -7.21168565e-03, -6.95847021e-03,
        2.81260639e-01, -7.96043500e-02, -5.84137347e-03,  4.10184674e-02,
       -9.41030588e-03, -1.83934974e-03,  1.14998996e-01, -3.11951209e-02,
        7.08237141e-02, -1.04788467e-02, -1.78092606e-02, -8.11564252e-02,
       -2.93322722e-03,  5.52975014e-03,  2.41928850e-03, -3.22073624e-02,
       -5.25736809e-03,  6.55974448e-02, -6.24307757e-03, -6.28836676e-02,
        2.58070976e-02, -3.35257035e-03, -7.20646381e-02, -6.40569031e-02,
       -3.47753726e-02, -6.52767196e-02, -2.22340431e-02, -4.49371524e-03,
       -9.30688083e-02,  8.63388833e-03,  3.45749641e-03, -4.37093945e-03,
       -4.11472321e-02, -6.29846007e-03, -4.64383960e-02, -7.18030799e-03,
       -7.95305055e-03, -1.00440523e-02, -8.03095661e-03,  5.12581654e-02,
       -7.13302335e-03,  1.97077960e-01,  7.33508542e-02,  4.01416654e-03,
        1.95167102e-02,  2.35374607e-02,  1.23807453e-01,  2.65284665e-02,
        6.94804126e-03,  3.46546397e-02, -8.54182914e-02,  1.05697513e-02,
       -7.64699280e-02,  9.41434596e-03,  1.04717650e-01,  1.40567664e-02,
       -4.12030332e-03, -3.81844956e-03, -3.56884934e-02, -6.85351044e-02,
       -3.35537717e-02,  1.81803368e-02,  8.12424719e-02,  7.79211372e-02,
        1.20487683e-01,  3.82636189e-02, -5.11826435e-03, -6.82633221e-02,
        2.16235453e-03,  3.61437164e-02, -1.58207165e-03,  2.97475066e-02,
        5.22728190e-02, -2.29302943e-02,  4.31372225e-02,  5.97341824e-03,
        3.41482437e-03,  5.52789755e-02,  1.37235317e-02, -3.59353833e-02,
        3.74599621e-02, -7.25390529e-03,  1.22845629e-02, -1.54627068e-02,
       -1.91879310e-02,  1.49241975e-02,  7.07501220e-03,  1.19715333e-02,
       -2.31867409e-04,  9.24603865e-02, -5.01232743e-02, -1.69347767e-02,
        8.50480124e-02, -6.69659004e-02, -7.44916499e-02, -1.33014296e-03,
        7.76373595e-02, -1.63412225e-02,  2.15523746e-02, -7.60460040e-03],
      dtype=float32)><tf.Variable 'dense_1288/kernel:0' shape=(128, 128) dtype=float32, numpy=
array([[-0.17834263,  0.02157695, -0.04209517, ..., -0.27607375,
        -0.05759672, -0.3907043 ],
       [ 0.07976447, -0.19304   ,  0.04315047, ...,  0.02034735,
        -0.07973162,  0.06491065],
       [-0.11410337,  0.17081672, -0.02378322, ..., -0.1143683 ,
         0.14925474, -0.03693094],
       ...,
       [ 0.21097776, -0.18281063, -0.11365584, ..., -0.03903749,
        -0.01903239,  0.14677736],
       [ 0.23268132, -0.09093779,  0.04779028, ...,  0.08304751,
         0.03710274,  0.1845949 ],
       [-0.24403119, -0.15833129,  0.16879986, ...,  0.23448034,
         0.08235227, -0.0170506 ]], dtype=float32)><tf.Variable 'dense_1288/bias:0' shape=(128,) dtype=float32, numpy=
array([ 1.28272608e-01, -3.12278066e-02, -2.65651625e-02,  1.66861072e-01,
       -5.17480485e-02,  1.35781050e-01, -1.80560555e-02, -1.33228311e-02,
        1.08705245e-01, -8.28059688e-02,  1.49905860e-01,  6.68050423e-02,
       -3.24846758e-03,  5.48172668e-02,  1.46842986e-01,  1.23378374e-01,
       -1.39674390e-04, -1.35646593e-02,  5.16351879e-01, -6.46562036e-03,
       -4.58126068e-02, -1.33549631e-01, -8.78984034e-02,  1.44368291e-01,
        1.73894301e-01,  4.07807976e-02,  4.82507842e-03,  6.93443639e-04,
       -8.73555057e-03, -1.53895974e-01, -1.63623616e-02, -5.74322119e-02,
        1.49464309e-01, -6.05336856e-03, -4.05267533e-03,  1.00727729e-01,
       -3.33601646e-02, -1.79655682e-02, -1.83721967e-02,  3.53431795e-04,
       -2.06191204e-02, -1.59465432e-01,  2.53940430e-02, -1.15408614e-01,
       -1.27003282e-01,  1.52461529e-01, -7.21765235e-02,  2.37168502e-02,
        6.99295253e-02,  9.75368917e-03, -1.37055010e-01,  1.35785714e-01,
        1.04979603e-02, -7.63682462e-03,  1.05442619e-02,  8.39822367e-03,
        1.80815272e-02, -1.57545432e-01, -2.64459047e-02, -1.60763003e-02,
        2.09997036e-02, -1.59356013e-01,  3.87569796e-03,  1.65858701e-01,
       -6.15450628e-02, -9.79479998e-02, -7.28170713e-03,  6.03787042e-02,
       -9.84206609e-03, -1.57148344e-03, -1.61084056e-01, -9.04016662e-03,
       -4.13558166e-03, -2.52286810e-02, -1.05206110e-01, -2.70982105e-02,
        8.76377337e-03,  2.68192142e-02, -3.60795595e-02,  1.21212495e-03,
        2.36874595e-02, -7.91598931e-02, -1.52858095e-02, -1.61399022e-01,
       -1.58310048e-02, -4.78543416e-02,  1.21809609e-01,  2.19343025e-02,
        1.41791245e-02, -9.74863069e-04, -4.90419660e-03, -3.09091201e-03,
       -4.39227792e-03,  1.07571371e-01,  1.18430994e-01, -4.80216891e-02,
       -5.85486554e-03, -1.54925257e-01,  1.67928204e-01, -1.55453488e-01,
        1.67902187e-02,  1.36963010e-01, -7.81755596e-02, -4.98060621e-02,
        1.39304161e-01,  1.49762869e-01, -1.91601403e-02,  4.15976718e-02,
       -1.63953193e-02, -1.44605517e-01,  1.54457107e-01,  1.62029475e-01,
       -1.20395236e-02,  2.05554795e-02,  6.70867134e-03, -2.16704980e-02,
       -1.99419744e-02,  1.14659267e-02,  1.52772322e-01,  1.53664932e-01,
        1.44710422e-01, -1.32793143e-01, -2.23676078e-02, -1.07922601e-02,
       -6.42407238e-02,  1.48855567e-01, -1.30088935e-02,  1.08402513e-01],
      dtype=float32)><tf.Variable 'dense_1299/kernel:0' shape=(256, 128) dtype=float32, numpy=
array([[ 5.25887981e-02,  5.74480109e-02, -6.24656044e-02, ...,
        -1.36341741e-02,  1.92575473e-02, -2.66367551e-02],
       [-1.16371341e-01,  7.98925981e-02, -1.14202492e-01, ...,
        -7.47611597e-02, -6.44223541e-02,  1.21327251e-01],
       [-1.21050425e-01,  8.97540972e-02, -7.04954565e-02, ...,
        -4.27819490e-02,  7.37985820e-02,  1.07752606e-01],
       ...,
       [-9.50637758e-02, -3.65355276e-02,  7.34430578e-05, ...,
         9.06194560e-03, -1.24543801e-01, -1.53073426e-02],
       [-7.94466659e-02,  4.16631475e-02, -1.22376867e-02, ...,
        -1.50433466e-01,  6.21369593e-02, -1.83319762e-01],
       [-3.13873552e-02,  4.74069454e-02, -6.15641847e-02, ...,
        -6.89264610e-02, -1.64287969e-01,  1.12259395e-01]], dtype=float32)><tf.Variable 'dense_1299/bias:0' shape=(128,) dtype=float32, numpy=
array([ 5.08203963e-03, -5.22098430e-02,  2.09784526e-02, -1.45734958e-02,
        1.34468498e-02, -2.57408079e-02, -1.11077307e-02, -8.44330564e-02,
       -8.80559757e-02, -1.36587704e-02, -7.62854367e-02,  1.64610445e-02,
       -5.78269083e-03,  3.93444113e-03,  4.30374779e-02, -3.56184365e-03,
       -7.49374367e-03,  4.27918918e-02, -5.78271523e-02, -7.43459612e-02,
        9.46733803e-02, -7.46469870e-02, -3.97603959e-02,  9.18286532e-05,
        8.42624251e-03, -3.30038220e-02,  6.91309646e-02,  3.95631902e-02,
       -1.68567747e-02, -4.02841419e-02, -6.38087541e-02,  7.32974559e-02,
       -6.51314259e-02, -4.16158624e-02, -1.20705888e-02,  1.81766257e-01,
       -8.66512880e-02,  6.45752624e-02, -2.82052811e-02,  8.45082570e-03,
        1.07695729e-01,  4.34428342e-02, -4.99513047e-03,  8.33560601e-02,
       -8.65176469e-02,  2.95784958e-02,  1.53370099e-02, -7.60171115e-02,
        6.20401930e-03, -9.05898400e-03,  8.90595466e-03,  1.37306741e-02,
        1.93794239e-02,  5.26613742e-02,  1.54037699e-02,  3.47880437e-03,
        8.97821318e-03,  4.96735349e-02,  6.84593245e-02,  1.30151525e-01,
       -6.37880387e-03, -1.02531798e-02,  1.15624936e-02, -2.35847710e-03,
        9.11673717e-03, -5.78046357e-03, -2.10463274e-02, -1.67044494e-02,
       -1.35738365e-02, -7.03747720e-02, -3.06066256e-02, -9.27641429e-03,
       -2.03603934e-02, -3.62880132e-03, -4.90622688e-03,  1.11617642e-02,
       -4.82759103e-02, -5.03469147e-02, -2.18984354e-02,  8.82679895e-02,
        2.38464363e-02, -4.24473211e-02,  1.07209809e-01,  1.13218399e-02,
       -2.38289271e-04, -1.51671115e-02,  2.77019814e-02,  3.92046804e-03,
        7.57491961e-02, -7.32748257e-03,  2.82811653e-03, -1.85541790e-02,
       -2.73269601e-03,  2.62853857e-02,  5.21643981e-02, -6.38935901e-03,
       -3.26096565e-02, -5.75978383e-02, -1.95636018e-03,  4.75419089e-02,
       -2.15495122e-03,  9.70860105e-03, -1.11967754e-02, -5.52711682e-03,
       -5.92599697e-02, -7.95474574e-02, -2.23676441e-03,  4.02861647e-02,
        1.21830493e-01, -1.01044681e-02,  2.44707353e-02,  3.25867273e-02,
       -1.68624800e-02, -5.55096380e-02, -6.42986521e-02, -5.25215128e-03,
       -8.50957856e-02,  2.59367414e-02, -1.79317836e-02, -1.09492123e-01,
        1.57310814e-03, -2.55402587e-02, -7.04996055e-03,  6.00546971e-02,
       -2.72337291e-02,  2.21694894e-02,  1.43206744e-02,  3.73585965e-03],
      dtype=float32)><tf.Variable 'dense_1289/kernel:0' shape=(128, 64) dtype=float32, numpy=
array([[-0.12184955,  0.03607819,  0.12232297, ...,  0.11472072,
         0.11664868,  0.19635554],
       [-0.04888558, -0.11077556,  0.16068202, ..., -0.20889254,
        -0.10059308, -0.03855226],
       [ 0.12650701, -0.08651155,  0.06620684, ...,  0.155569  ,
         0.06715141,  0.24108014],
       ...,
       [ 0.2790113 , -0.12315271, -0.097596  , ..., -0.01645164,
        -0.00659426,  0.08820737],
       [ 0.04905251,  0.11006059, -0.18423983, ...,  0.16053212,
         0.1753246 ,  0.00679013],
       [ 0.12965125, -0.07524496,  0.11638701, ...,  0.01029256,
         0.19146463, -0.08642458]], dtype=float32)><tf.Variable 'dense_1289/bias:0' shape=(64,) dtype=float32, numpy=
array([ 1.5557434e-01,  1.5539205e-01, -1.3955557e-01, -2.4776667e-02,
       -6.5044812e-03,  1.6498926e-01,  9.0857521e-02, -3.6986426e-03,
        1.5672022e-01, -4.1662056e-02, -2.2318717e-02, -9.0282001e-03,
        1.6025580e-01, -1.5632443e-01,  7.0540742e-03,  1.1809503e-01,
        1.6234770e-02, -2.1369759e-02,  4.9304359e-02,  5.8778185e-02,
       -1.5694600e-01,  8.2728744e-02,  3.3970758e-01,  3.6794461e-02,
        4.7274552e-02, -8.9083593e-03, -1.5925938e-01, -1.4672451e-01,
        1.5222976e-01, -1.5811874e-01,  2.4602420e-04, -1.4291492e-01,
        3.1564854e-02, -1.5947586e-01, -1.2185514e-01, -3.3152856e-02,
       -5.0385310e-03, -1.1991410e-02, -4.3495917e-03,  5.3711995e-02,
       -6.3274018e-03, -6.4146216e-03,  1.5760995e-01, -3.0415684e-02,
        1.1996081e-02,  1.8579617e-01, -1.0835890e-02, -3.0300548e-02,
        1.6283929e-01,  3.7721891e-02,  1.5933152e-01, -1.2244976e-02,
       -3.0323340e-02, -1.5669961e-01,  2.6633695e-03, -1.7207505e-03,
        1.3557332e-02,  1.5655011e-01,  1.5246136e-01,  1.5581107e-01,
        1.5820590e-01,  1.5400366e-01,  1.5665190e-01,  5.5918612e-02],
      dtype=float32)><tf.Variable 'dense_1300/kernel:0' shape=(128, 64) dtype=float32, numpy=
array([[ 0.08061279,  0.06089839, -0.09763449, ...,  0.11870793,
        -0.0808453 , -0.24422462],
       [-0.12724686, -0.00181745,  0.1467429 , ...,  0.12972249,
         0.12411294,  0.04119483],
       [ 0.10554541,  0.05086802,  0.2324916 , ...,  0.13290145,
        -0.14065829,  0.00835194],
       ...,
       [ 0.08671302, -0.0233886 ,  0.03559462, ...,  0.02671728,
         0.08802801,  0.05871473],
       [-0.17758578, -0.12555707,  0.15341996, ...,  0.05989298,
         0.10608618,  0.26358727],
       [-0.17312999, -0.11981077, -0.04539907, ...,  0.05836614,
        -0.06358659, -0.21979985]], dtype=float32)><tf.Variable 'dense_1300/bias:0' shape=(64,) dtype=float32, numpy=
array([-0.06189007, -0.0658251 ,  0.03129936,  0.07842192, -0.012165  ,
        0.07043281, -0.00755326, -0.0665816 ,  0.07163544, -0.00085139,
       -0.00868013, -0.08201183,  0.00021146, -0.04119173,  0.01498659,
       -0.02774002, -0.00147424, -0.01059965, -0.06346963, -0.01127667,
        0.10330378, -0.0090693 ,  0.03030529,  0.01151252,  0.02515146,
        0.05325329,  0.07075614,  0.00523901, -0.00433902, -0.0072384 ,
        0.02509152, -0.01192101,  0.07183573, -0.06550934, -0.07128023,
       -0.07821402,  0.02019142,  0.00872295, -0.06623366,  0.0188894 ,
       -0.06201378,  0.03171175,  0.0623235 ,  0.00997344,  0.01308477,
        0.0628823 ,  0.01664475, -0.00092444,  0.05888114,  0.02094601,
        0.07731541, -0.00797542,  0.10353097,  0.05734891,  0.07133131,
       -0.02600506, -0.00193692, -0.06729062,  0.01350978, -0.0322936 ,
        0.02058208, -0.06402566, -0.06522588,  0.06840649], dtype=float32)><tf.Variable 'dense_1290/kernel:0' shape=(64, 1) dtype=float32, numpy=
array([[ 0.2790047 ],
       [ 0.04551812],
       [-0.00328405],
       [-0.45523223],
       [-0.19331452],
       [ 0.04298076],
       [ 0.02441897],
       [ 0.25488135],
       [ 0.24063928],
       [-0.02198995],
       [-0.15887028],
       [-0.2690074 ],
       [ 0.2608674 ],
       [-0.18996224],
       [-0.13709287],
       [ 0.1850144 ],
       [-0.00809951],
       [ 0.0035298 ],
       [ 0.02176697],
       [ 0.21087804],
       [-0.13914788],
       [ 0.14052169],
       [ 0.20074809],
       [ 0.07600491],
       [ 0.14191972],
       [-0.07939964],
       [-0.06593541],
       [-0.0841447 ],
       [ 0.00906748],
       [-0.07501936],
       [-0.29092637],
       [-0.21823221],
       [ 0.23525012],
       [-0.04591166],
       [-0.10332081],
       [-0.43593395],
       [-0.16955586],
       [-0.05710375],
       [ 0.04847169],
       [ 0.02946973],
       [ 0.29564852],
       [-0.07248858],
       [ 0.16486923],
       [-0.30040914],
       [ 0.14857405],
       [ 0.00157139],
       [-0.39965087],
       [-0.22155528],
       [ 0.18368569],
       [ 0.04659785],
       [ 0.20142926],
       [-0.34587708],
       [-0.21287993],
       [-0.00751871],
       [ 0.23334475],
       [ 0.18605442],
       [ 0.00188313],
       [ 0.15618266],
       [ 0.27553743],
       [ 0.16845132],
       [ 0.03110013],
       [ 0.05391987],
       [ 0.1291682 ],
       [ 0.0038646 ]], dtype=float32)><tf.Variable 'dense_1290/bias:0' shape=(1,) dtype=float32, numpy=array([0.1584341], dtype=float32)><tf.Variable 'dense_1301/kernel:0' shape=(64, 1) dtype=float32, numpy=
array([[-0.1243275 ],
       [ 0.1818087 ],
       [ 0.16653876],
       [-0.14635287],
       [-0.29635203],
       [-0.05816431],
       [-0.16270149],
       [ 0.12602638],
       [-0.07156214],
       [ 0.04925176],
       [ 0.2714273 ],
       [ 0.19749223],
       [-0.06183631],
       [-0.18480791],
       [ 0.05077038],
       [-0.03234456],
       [-0.06043003],
       [-0.1096929 ],
       [ 0.04312839],
       [-0.2810866 ],
       [ 0.1495056 ],
       [-0.12693574],
       [ 0.19418666],
       [ 0.04953609],
       [ 0.08757629],
       [-0.0048903 ],
       [-0.06802872],
       [ 0.05885223],
       [ 0.28960425],
       [-0.24537133],
       [ 0.20784047],
       [-0.25580737],
       [-0.07658169],
       [ 0.27823105],
       [-0.21514967],
       [ 0.01164495],
       [ 0.03749681],
       [ 0.12897071],
       [-0.10573258],
       [ 0.16978148],
       [ 0.1317655 ],
       [ 0.29558617],
       [-0.03735672],
       [ 0.02737503],
       [ 0.19917573],
       [-0.05213915],
       [ 0.12163387],
       [ 0.00574629],
       [ 0.1823799 ],
       [ 0.11984617],
       [-0.24610871],
       [-0.26503682],
       [-0.15064251],
       [-0.04136512],
       [-0.09530412],
       [-0.236449  ],
       [-0.264849  ],
       [-0.24818067],
       [ 0.2835861 ],
       [ 0.03681419],
       [ 0.2392593 ],
       [ 0.10789295],
       [ 0.07921147],
       [-0.17806432]], dtype=float32)><tf.Variable 'dense_1301/bias:0' shape=(1,) dtype=float32, numpy=array([-0.0652424], dtype=float32)>