0111000011100101
0111001010011100
0111101010101111
0111100100000001
0110101100011110
0110110001000010
0110000101010100
0110010001110001
0110111111101100
0111011110111001
0110010110100110
0010000011001100
0110010001110001
0110000101010100
0110111000111011
0110010110100110
0010000011001100
0110010001110001
0110111111101100
0010000011001100
0111101010101111
0110000101010100
0110101100011110
0110111111101100
0110010001110001
0110111111101100
0111011110111001
0110000101010100
0110111000111011
0110100101100111
0110000101010100
0010110000001101
0010000011001100
0110101100011110
0111010000010111
0110111111101100
0111001010011100
0110010110100110
0010000011001100
0111101010101111
0110111111101100
0111001101001011
0111010000010111
0110000101010100
0110111000111011
0110000101010100
0010000011001100
0110111111101100
0110010001110001
0110101100011110
0110111111101100
0110010001110001
0110111111101100
0111011110111001
0110000101010100
0110111000111011
0110010110100110
0010000011001100
0111000011100101
0110111111101100
0111101010101111
0110111000111011
0110100101100111
0110010110100110
0110101011001001
0010000100011011
